state,date,cases,deaths,population,ccases,cdeaths
Alabama,2021-04-02,400,54,4903185,400,54
Alabama,2021-04-03,349,30,4903185,749,84
Alabama,2021-04-04,194,0,4903185,943,84
Alabama,2021-04-05,109,1,4903185,1052,85
Alabama,2021-04-06,196,14,4903185,1248,99
Alabama,2021-04-07,338,0,4903185,1586,99
Alabama,2021-04-08,464,23,4903185,2050,122
Alabama,2021-04-09,318,11,4903185,2368,133
Alabama,2021-04-10,354,26,4903185,2722,159
Alabama,2021-04-11,311,0,4903185,3033,159
Alabama,2021-04-12,172,0,4903185,3205,159
Alabama,2021-04-13,1432,10,4903185,4637,169
Alabama,2021-04-14,277,6,4903185,4914,175
Alabama,2021-04-15,421,8,4903185,5335,183
Alabama,2021-04-16,422,3,4903185,5757,186
Alabama,2021-04-17,508,51,4903185,6265,237
Alabama,2021-04-18,270,0,4903185,6535,237
Alabama,2021-04-19,111,0,4903185,6646,237
Alabama,2021-04-20,1443,8,4903185,8089,245
Alabama,2021-04-21,412,9,4903185,8501,254
Alabama,2021-04-22,682,17,4903185,9183,271
Alabama,2021-04-23,428,16,4903185,9611,287
Alabama,2021-04-24,421,11,4903185,10032,298
Alabama,2021-04-25,233,0,4903185,10265,298
Alabama,2021-04-26,217,1,4903185,10482,299
Alabama,2021-04-27,359,2,4903185,10841,301
Alabama,2021-04-28,376,25,4903185,11217,326
Alabama,2021-04-29,430,8,4903185,11647,334
Alabama,2021-04-30,409,9,4903185,12056,343
Alabama,2021-05-01,387,17,4903185,12443,360
Alabama,2021-05-02,288,0,4903185,12731,360
Alabama,2021-05-03,187,0,4903185,12918,360
Alabama,2021-05-04,0,0,4903185,12918,360
Alabama,2021-05-05,662,17,4903185,13580,377
Alabama,2021-05-06,565,16,4903185,14145,393
Alabama,2021-05-07,314,20,4903185,14459,413
Alabama,2021-05-08,419,12,4903185,14878,425
Alabama,2021-05-09,244,0,4903185,15122,425
Alabama,2021-05-10,106,0,4903185,15228,425
Alabama,2021-05-11,310,7,4903185,15538,432
Alabama,2021-05-12,347,12,4903185,15885,444
Alabama,2021-05-13,1144,4,4903185,17029,448
Alabama,2021-05-14,4918,23,4903185,21947,471
Alabama,2021-05-15,2016,14,4903185,23963,485
Alabama,2021-05-16,254,0,4903185,24217,485
Alabama,2021-05-17,184,0,4903185,24401,485
Alabama,2021-05-18,336,5,4903185,24737,490
Alabama,2021-05-19,288,2,4903185,25025,492
Alabama,2021-05-20,339,32,4903185,25364,524
Alabama,2021-05-21,443,3,4903185,25807,527
Alabama,2021-05-22,255,32,4903185,26062,559
Alabama,2021-05-23,196,0,4903185,26258,559
Alabama,2021-05-24,132,0,4903185,26390,559
Alabama,2021-05-25,306,12,4903185,26696,571
Alabama,2021-05-26,269,14,4903185,26965,585
Alabama,2021-05-27,346,2,4903185,27311,587
Alabama,2021-05-28,228,6,4903185,27539,593
Alabama,2021-05-29,0,0,4903185,27539,593
Alabama,2021-05-30,0,0,4903185,27539,593
Alabama,2021-05-31,0,0,4903185,27539,593
Alabama,2021-06-01,640,10,4903185,28179,603
Alabama,2021-06-02,553,11,4903185,28732,614
Alabama,2021-06-03,430,21,4903185,29162,635
Alabama,2021-06-04,557,10,4903185,29719,645
Alabama,2021-06-05,0,0,4903185,29719,645
Alabama,2021-06-06,0,0,4903185,29719,645
Alabama,2021-06-07,739,19,4903185,30458,664
Alabama,2021-06-08,216,3,4903185,30674,667
Alabama,2021-06-09,305,29,4903185,30979,696
Alabama,2021-06-10,290,3,4903185,31269,699
Alabama,2021-06-11,188,14,4903185,31457,713
Alabama,2021-06-12,0,0,4903185,31457,713
Alabama,2021-06-13,0,0,4903185,31457,713
Alabama,2021-06-14,550,8,4903185,32007,721
Alabama,2021-06-15,290,7,4903185,32297,728
Alabama,2021-06-16,160,7,4903185,32457,735
Alabama,2021-06-17,0,0,4903185,32457,735
Alabama,2021-06-18,334,18,4903185,32791,753
Alabama,2021-06-19,0,0,4903185,32791,753
Alabama,2021-06-20,0,0,4903185,32791,753
Alabama,2021-06-21,356,5,4903185,33147,758
Alabama,2021-06-22,0,0,4903185,33147,758
Alabama,2021-06-23,381,17,4903185,33528,775
Alabama,2021-06-24,0,0,4903185,33528,775
Alabama,2021-06-25,540,8,4903185,34068,783
Alabama,2021-06-26,0,0,4903185,34068,783
Alabama,2021-06-27,0,0,4903185,34068,783
Alabama,2021-06-28,517,2,4903185,34585,785
Alabama,2021-06-29,0,0,4903185,34585,785
Alabama,2021-06-30,532,14,4903185,35117,799
Alabama,2021-07-01,0,0,4903185,35117,799
Alabama,2021-07-02,315,6,4903185,35432,805
Alabama,2021-07-03,0,0,4903185,35432,805
Alabama,2021-07-04,0,0,4903185,35432,805
Alabama,2021-07-05,0,0,4903185,35432,805
Alabama,2021-07-06,0,0,4903185,35432,805
Alabama,2021-07-07,1613,29,4903185,37045,834
Alabama,2021-07-08,0,0,4903185,37045,834
Alabama,2021-07-09,1160,11,4903185,38205,845
Alabama,2021-07-10,534,4,4903185,38739,849
Alabama,2021-07-11,0,0,4903185,38739,849
Alabama,2021-07-12,610,0,4903185,39349,849
Alabama,2021-07-13,0,0,4903185,39349,849
Alabama,2021-07-14,1398,26,4903185,40747,875
Alabama,2021-07-15,965,11,4903185,41712,886
Alabama,2021-07-16,999,3,4903185,42711,889
Alabama,2021-07-17,901,1,4903185,43612,890
Alabama,2021-07-18,724,0,4903185,44336,890
Alabama,2021-07-19,718,0,4903185,45054,890
Alabama,2021-07-20,1391,17,4903185,46445,907
Alabama,2021-07-21,1632,2,4903185,48077,909
Alabama,2021-07-22,1567,6,4903185,49644,915
Alabama,2021-07-23,1733,4,4903185,51377,919
Alabama,2021-07-24,1888,11,4903185,53265,930
Alabama,2021-07-25,1536,0,4903185,54801,930
Alabama,2021-07-26,1403,0,4903185,56204,930
Alabama,2021-07-27,2667,9,4903185,58871,939
Alabama,2021-07-28,2726,18,4903185,61597,957
Alabama,2021-07-29,0,0,4903185,61597,957
Alabama,2021-07-30,0,0,4903185,61597,957
Alabama,2021-07-31,8144,26,4903185,69741,983
Alabama,2021-08-01,1798,0,4903185,71539,983
Alabama,2021-08-02,1705,0,4903185,73244,983
Alabama,2021-08-03,3307,6,4903185,76551,989
Alabama,2021-08-04,3399,19,4903185,79950,1008
Alabama,2021-08-05,3817,13,4903185,83767,1021
Alabama,2021-08-06,3685,26,4903185,87452,1047
Alabama,2021-08-07,3891,24,4903185,91343,1071
Alabama,2021-08-08,0,0,4903185,91343,1071
Alabama,2021-08-09,4877,1,4903185,96220,1072
Alabama,2021-08-10,3815,23,4903185,100035,1095
Alabama,2021-08-11,3851,41,4903185,103886,1136
Alabama,2021-08-12,4167,35,4903185,108053,1171
Alabama,2021-08-13,3986,41,4903185,112039,1212
Alabama,2021-08-14,0,0,4903185,112039,1212
Alabama,2021-08-15,6992,33,4903185,119031,1245
Alabama,2021-08-16,2466,1,4903185,121497,1246
Alabama,2021-08-17,4023,33,4903185,125520,1279
Alabama,2021-08-18,4465,40,4903185,129985,1319
Alabama,2021-08-19,3890,42,4903185,133875,1361
Alabama,2021-08-20,3799,28,4903185,137674,1389
Alabama,2021-08-21,6210,58,4903185,143884,1447
Alabama,2021-08-22,3315,0,4903185,147199,1447
Alabama,2021-08-23,2588,0,4903185,149787,1447
Alabama,2021-08-24,0,0,4903185,149787,1447
Alabama,2021-08-25,0,0,4903185,149787,1447
Alabama,2021-08-26,11142,103,4903185,160929,1550
Alabama,2021-08-27,5033,50,4903185,165962,1600
Alabama,2021-08-28,6190,66,4903185,172152,1666
Alabama,2021-08-29,3433,3,4903185,175585,1669
Alabama,2021-08-30,3072,0,4903185,178657,1669
Alabama,2021-08-31,5206,61,4903185,183863,1730
Alabama,2021-09-01,4691,8,4903185,188554,1738
Alabama,2021-09-02,5312,39,4903185,193866,1777
Alabama,2021-09-03,5128,64,4903185,198994,1841
Alabama,2021-09-04,4420,20,4903185,203414,1861
Alaska,2021-04-02,203,0,740995,203,0
Alaska,2021-04-03,0,0,740995,203,0
Alaska,2021-04-04,0,0,740995,203,0
Alaska,2021-04-05,500,0,740995,703,0
Alaska,2021-04-06,80,0,740995,783,0
Alaska,2021-04-07,222,0,740995,1005,0
Alaska,2021-04-08,228,0,740995,1233,0
Alaska,2021-04-09,251,0,740995,1484,0
Alaska,2021-04-10,0,0,740995,1484,0
Alaska,2021-04-11,0,0,740995,1484,0
Alaska,2021-04-12,398,1,740995,1882,1
Alaska,2021-04-13,156,0,740995,2038,1
Alaska,2021-04-14,200,0,740995,2238,1
Alaska,2021-04-15,194,20,740995,2432,21
Alaska,2021-04-16,191,0,740995,2623,21
Alaska,2021-04-17,0,0,740995,2623,21
Alaska,2021-04-18,0,0,740995,2623,21
Alaska,2021-04-19,449,0,740995,3072,21
Alaska,2021-04-20,109,0,740995,3181,21
Alaska,2021-04-21,201,0,740995,3382,21
Alaska,2021-04-22,229,0,740995,3611,21
Alaska,2021-04-23,150,0,740995,3761,21
Alaska,2021-04-24,0,0,740995,3761,21
Alaska,2021-04-25,0,0,740995,3761,21
Alaska,2021-04-26,450,13,740995,4211,34
Alaska,2021-04-27,138,0,740995,4349,34
Alaska,2021-04-28,187,0,740995,4536,34
Alaska,2021-04-29,168,0,740995,4704,34
Alaska,2021-04-30,146,0,740995,4850,34
Alaska,2021-05-01,0,0,740995,4850,34
Alaska,2021-05-02,0,0,740995,4850,34
Alaska,2021-05-03,278,1,740995,5128,35
Alaska,2021-05-04,92,0,740995,5220,35
Alaska,2021-05-05,148,0,740995,5368,35
Alaska,2021-05-06,96,1,740995,5464,36
Alaska,2021-05-07,118,0,740995,5582,36
Alaska,2021-05-08,0,0,740995,5582,36
Alaska,2021-05-09,0,0,740995,5582,36
Alaska,2021-05-10,237,0,740995,5819,36
Alaska,2021-05-11,61,2,740995,5880,38
Alaska,2021-05-12,89,2,740995,5969,40
Alaska,2021-05-13,84,0,740995,6053,40
Alaska,2021-05-14,113,0,740995,6166,40
Alaska,2021-05-15,0,0,740995,6166,40
Alaska,2021-05-16,0,0,740995,6166,40
Alaska,2021-05-17,136,11,740995,6302,51
Alaska,2021-05-18,57,4,740995,6359,55
Alaska,2021-05-19,99,1,740995,6458,56
Alaska,2021-05-20,79,0,740995,6537,56
Alaska,2021-05-21,67,0,740995,6604,56
Alaska,2021-05-22,0,0,740995,6604,56
Alaska,2021-05-23,0,0,740995,6604,56
Alaska,2021-05-24,97,0,740995,6701,56
Alaska,2021-05-25,53,0,740995,6754,56
Alaska,2021-05-26,67,0,740995,6821,56
Alaska,2021-05-27,43,0,740995,6864,56
Alaska,2021-05-28,46,0,740995,6910,56
Alaska,2021-05-29,0,0,740995,6910,56
Alaska,2021-05-30,0,0,740995,6910,56
Alaska,2021-05-31,0,0,740995,6910,56
Alaska,2021-06-01,111,0,740995,7021,56
Alaska,2021-06-02,36,0,740995,7057,56
Alaska,2021-06-03,53,0,740995,7110,56
Alaska,2021-06-04,61,0,740995,7171,56
Alaska,2021-06-05,0,0,740995,7171,56
Alaska,2021-06-06,0,0,740995,7171,56
Alaska,2021-06-07,51,0,740995,7222,56
Alaska,2021-06-08,0,0,740995,7222,56
Alaska,2021-06-09,68,0,740995,7290,56
Alaska,2021-06-10,0,0,740995,7290,56
Alaska,2021-06-11,64,4,740995,7354,60
Alaska,2021-06-12,0,0,740995,7354,60
Alaska,2021-06-13,0,0,740995,7354,60
Alaska,2021-06-14,65,0,740995,7419,60
Alaska,2021-06-15,0,0,740995,7419,60
Alaska,2021-06-16,53,0,740995,7472,60
Alaska,2021-06-17,0,0,740995,7472,60
Alaska,2021-06-18,105,0,740995,7577,60
Alaska,2021-06-19,0,0,740995,7577,60
Alaska,2021-06-20,0,0,740995,7577,60
Alaska,2021-06-21,88,0,740995,7665,60
Alaska,2021-06-22,0,0,740995,7665,60
Alaska,2021-06-23,72,1,740995,7737,61
Alaska,2021-06-24,0,0,740995,7737,61
Alaska,2021-06-25,0,0,740995,7737,61
Alaska,2021-06-26,0,0,740995,7737,61
Alaska,2021-06-27,0,0,740995,7737,61
Alaska,2021-06-28,146,0,740995,7883,61
Alaska,2021-06-29,6,0,740995,7889,61
Alaska,2021-06-30,88,3,740995,7977,64
Alaska,2021-07-01,0,0,740995,7977,64
Alaska,2021-07-02,109,0,740995,8086,64
Alaska,2021-07-03,0,0,740995,8086,64
Alaska,2021-07-04,0,0,740995,8086,64
Alaska,2021-07-05,0,0,740995,8086,64
Alaska,2021-07-06,0,0,740995,8086,64
Alaska,2021-07-07,214,0,740995,8300,64
Alaska,2021-07-08,0,0,740995,8300,64
Alaska,2021-07-09,133,2,740995,8433,66
Alaska,2021-07-10,0,0,740995,8433,66
Alaska,2021-07-11,0,0,740995,8433,66
Alaska,2021-07-12,174,2,740995,8607,68
Alaska,2021-07-13,0,0,740995,8607,68
Alaska,2021-07-14,248,0,740995,8855,68
Alaska,2021-07-15,0,0,740995,8855,68
Alaska,2021-07-16,287,0,740995,9142,68
Alaska,2021-07-17,0,0,740995,9142,68
Alaska,2021-07-18,0,0,740995,9142,68
Alaska,2021-07-19,459,0,740995,9601,68
Alaska,2021-07-20,0,0,740995,9601,68
Alaska,2021-07-21,475,1,740995,10076,69
Alaska,2021-07-22,0,0,740995,10076,69
Alaska,2021-07-23,379,2,740995,10455,71
Alaska,2021-07-24,65,0,740995,10520,71
Alaska,2021-07-25,0,0,740995,10520,71
Alaska,2021-07-26,565,0,740995,11085,71
Alaska,2021-07-27,0,0,740995,11085,71
Alaska,2021-07-28,528,2,740995,11613,73
Alaska,2021-07-29,0,0,740995,11613,73
Alaska,2021-07-30,575,3,740995,12188,76
Alaska,2021-07-31,0,0,740995,12188,76
Alaska,2021-08-01,0,0,740995,12188,76
Alaska,2021-08-02,751,0,740995,12939,76
Alaska,2021-08-03,295,2,740995,13234,78
Alaska,2021-08-04,342,2,740995,13576,80
Alaska,2021-08-05,379,5,740995,13955,85
Alaska,2021-08-06,333,0,740995,14288,85
Alaska,2021-08-07,0,0,740995,14288,85
Alaska,2021-08-08,0,0,740995,14288,85
Alaska,2021-08-09,855,1,740995,15143,86
Alaska,2021-08-10,260,1,740995,15403,87
Alaska,2021-08-11,0,0,740995,15403,87
Alaska,2021-08-12,784,3,740995,16187,90
Alaska,2021-08-13,338,0,740995,16525,90
Alaska,2021-08-14,0,0,740995,16525,90
Alaska,2021-08-15,0,0,740995,16525,90
Alaska,2021-08-16,1062,0,740995,17587,90
Alaska,2021-08-17,452,5,740995,18039,95
Alaska,2021-08-18,665,4,740995,18704,99
Alaska,2021-08-19,685,0,740995,19389,99
Alaska,2021-08-20,469,2,740995,19858,101
Alaska,2021-08-21,0,0,740995,19858,101
Alaska,2021-08-22,0,0,740995,19858,101
Alaska,2021-08-23,1116,0,740995,20974,101
Alaska,2021-08-24,595,13,740995,21569,114
Alaska,2021-08-25,624,11,740995,22193,125
Alaska,2021-08-26,727,0,740995,22920,125
Alaska,2021-08-27,535,0,740995,23455,125
Alaska,2021-08-28,0,0,740995,23455,125
Alaska,2021-08-29,0,0,740995,23455,125
Alaska,2021-08-30,1155,0,740995,24610,125
Alaska,2021-08-31,639,6,740995,25249,131
Alaska,2021-09-01,798,4,740995,26047,135
Alaska,2021-09-02,715,0,740995,26762,135
Alaska,2021-09-03,582,0,740995,27344,135
Alaska,2021-09-04,0,0,740995,27344,135
Arizona,2021-04-02,940,12,7278717,940,12
Arizona,2021-04-03,706,2,7278717,1646,14
Arizona,2021-04-04,464,-1,7278717,2110,13
Arizona,2021-04-05,608,0,7278717,2718,13
Arizona,2021-04-06,570,6,7278717,3288,19
Arizona,2021-04-07,750,27,7278717,4038,46
Arizona,2021-04-08,670,32,7278717,4708,78
Arizona,2021-04-09,1302,7,7278717,6010,85
Arizona,2021-04-10,819,30,7278717,6829,115
Arizona,2021-04-11,540,-6,7278717,7369,109
Arizona,2021-04-12,675,0,7278717,8044,109
Arizona,2021-04-13,610,19,7278717,8654,128
Arizona,2021-04-14,419,4,7278717,9073,132
Arizona,2021-04-15,460,14,7278717,9533,146
Arizona,2021-04-16,845,30,7278717,10378,176
Arizona,2021-04-17,480,-2,7278717,10858,174
Arizona,2021-04-18,711,2,7278717,11569,176
Arizona,2021-04-19,692,0,7278717,12261,176
Arizona,2021-04-20,702,40,7278717,12963,216
Arizona,2021-04-21,649,6,7278717,13612,222
Arizona,2021-04-22,647,22,7278717,14259,244
Arizona,2021-04-23,896,17,7278717,15155,261
Arizona,2021-04-24,729,22,7278717,15884,283
Arizona,2021-04-25,661,8,7278717,16545,291
Arizona,2021-04-26,750,0,7278717,17295,291
Arizona,2021-04-27,682,8,7278717,17977,299
Arizona,2021-04-28,603,6,7278717,18580,305
Arizona,2021-04-29,881,23,7278717,19461,328
Arizona,2021-04-30,844,19,7278717,20305,347
Arizona,2021-05-01,1074,14,7278717,21379,361
Arizona,2021-05-02,356,6,7278717,21735,367
Arizona,2021-05-03,652,0,7278717,22387,367
Arizona,2021-05-04,701,11,7278717,23088,378
Arizona,2021-05-05,742,5,7278717,23830,383
Arizona,2021-05-06,601,7,7278717,24431,390
Arizona,2021-05-07,820,24,7278717,25251,414
Arizona,2021-05-08,939,16,7278717,26190,430
Arizona,2021-05-09,448,2,7278717,26638,432
Arizona,2021-05-10,642,0,7278717,27280,432
Arizona,2021-05-11,683,19,7278717,27963,451
Arizona,2021-05-12,469,2,7278717,28432,453
Arizona,2021-05-13,544,8,7278717,28976,461
Arizona,2021-05-14,854,9,7278717,29830,470
Arizona,2021-05-15,474,12,7278717,30304,482
Arizona,2021-05-16,482,0,7278717,30786,482
Arizona,2021-05-17,468,7,7278717,31254,489
Arizona,2021-05-18,619,14,7278717,31873,503
Arizona,2021-05-19,540,17,7278717,32413,520
Arizona,2021-05-20,590,12,7278717,33003,532
Arizona,2021-05-21,571,22,7278717,33574,554
Arizona,2021-05-22,645,16,7278717,34219,570
Arizona,2021-05-23,321,8,7278717,34540,578
Arizona,2021-05-24,450,0,7278717,34990,578
Arizona,2021-05-25,500,14,7278717,35490,592
Arizona,2021-05-26,656,7,7278717,36146,599
Arizona,2021-05-27,764,18,7278717,36910,617
Arizona,2021-05-28,807,15,7278717,37717,632
Arizona,2021-05-29,557,19,7278717,38274,651
Arizona,2021-05-30,0,0,7278717,38274,651
Arizona,2021-05-31,984,0,7278717,39258,651
Arizona,2021-06-01,4,0,7278717,39262,651
Arizona,2021-06-02,915,20,7278717,40177,671
Arizona,2021-06-03,322,5,7278717,40499,676
Arizona,2021-06-04,346,20,7278717,40845,696
Arizona,2021-06-05,277,25,7278717,41122,721
Arizona,2021-06-06,507,2,7278717,41629,723
Arizona,2021-06-07,374,0,7278717,42003,723
Arizona,2021-06-08,414,13,7278717,42417,736
Arizona,2021-06-09,433,2,7278717,42850,738
Arizona,2021-06-10,370,27,7278717,43220,765
Arizona,2021-06-11,422,-2,7278717,43642,763
Arizona,2021-06-12,570,21,7278717,44212,784
Arizona,2021-06-13,348,7,7278717,44560,791
Arizona,2021-06-14,394,0,7278717,44954,791
Arizona,2021-06-15,423,11,7278717,45377,802
Arizona,2021-06-16,436,12,7278717,45813,814
Arizona,2021-06-17,332,18,7278717,46145,832
Arizona,2021-06-18,364,13,7278717,46509,845
Arizona,2021-06-19,641,16,7278717,47150,861
Arizona,2021-06-20,385,5,7278717,47535,866
Arizona,2021-06-21,384,0,7278717,47919,866
Arizona,2021-06-22,422,15,7278717,48341,881
Arizona,2021-06-23,490,10,7278717,48831,891
Arizona,2021-06-24,626,7,7278717,49457,898
Arizona,2021-06-25,587,28,7278717,50044,926
Arizona,2021-06-26,475,11,7278717,50519,937
Arizona,2021-06-27,436,-1,7278717,50955,936
Arizona,2021-06-28,413,0,7278717,51368,936
Arizona,2021-06-29,546,17,7278717,51914,953
Arizona,2021-06-30,769,6,7278717,52683,959
Arizona,2021-07-01,472,3,7278717,53155,962
Arizona,2021-07-02,526,22,7278717,53681,984
Arizona,2021-07-03,645,14,7278717,54326,998
Arizona,2021-07-04,442,4,7278717,54768,1002
Arizona,2021-07-05,50,0,7278717,54818,1002
Arizona,2021-07-06,900,21,7278717,55718,1023
Arizona,2021-07-07,373,4,7278717,56091,1027
Arizona,2021-07-08,625,-1,7278717,56716,1026
Arizona,2021-07-09,921,6,7278717,57637,1032
Arizona,2021-07-10,807,20,7278717,58444,1052
Arizona,2021-07-11,803,4,7278717,59247,1056
Arizona,2021-07-12,122,2,7278717,59369,1058
Arizona,2021-07-13,345,20,7278717,59714,1078
Arizona,2021-07-14,1945,21,7278717,61659,1099
Arizona,2021-07-15,1014,7,7278717,62673,1106
Arizona,2021-07-16,1251,17,7278717,63924,1123
Arizona,2021-07-17,0,0,7278717,63924,1123
Arizona,2021-07-18,2132,17,7278717,66056,1140
Arizona,2021-07-19,1034,0,7278717,67090,1140
Arizona,2021-07-20,1154,0,7278717,68244,1140
Arizona,2021-07-21,1043,10,7278717,69287,1150
Arizona,2021-07-22,1174,10,7278717,70461,1160
Arizona,2021-07-23,1479,7,7278717,71940,1167
Arizona,2021-07-24,1528,26,7278717,73468,1193
Arizona,2021-07-25,1508,1,7278717,74976,1194
Arizona,2021-07-26,1441,0,7278717,76417,1194
Arizona,2021-07-27,1475,12,7278717,77892,1206
Arizona,2021-07-28,1361,2,7278717,79253,1208
Arizona,2021-07-29,1759,15,7278717,81012,1223
Arizona,2021-07-30,1965,24,7278717,82977,1247
Arizona,2021-07-31,2066,22,7278717,85043,1269
Arizona,2021-08-01,2306,5,7278717,87349,1274
Arizona,2021-08-02,1846,1,7278717,89195,1275
Arizona,2021-08-03,1974,30,7278717,91169,1305
Arizona,2021-08-04,2286,7,7278717,93455,1312
Arizona,2021-08-05,2289,11,7278717,95744,1323
Arizona,2021-08-06,2826,42,7278717,98570,1365
Arizona,2021-08-07,2653,34,7278717,101223,1399
Arizona,2021-08-08,2639,12,7278717,103862,1411
Arizona,2021-08-09,2191,0,7278717,106053,1411
Arizona,2021-08-10,2582,12,7278717,108635,1423
Arizona,2021-08-11,1970,6,7278717,110605,1429
Arizona,2021-08-12,2970,6,7278717,113575,1435
Arizona,2021-08-13,3225,23,7278717,116800,1458
Arizona,2021-08-14,3418,27,7278717,120218,1485
Arizona,2021-08-15,3052,2,7278717,123270,1487
Arizona,2021-08-16,2400,0,7278717,125670,1487
Arizona,2021-08-17,2661,3,7278717,128331,1490
Arizona,2021-08-18,2402,37,7278717,130733,1527
Arizona,2021-08-19,3546,4,7278717,134279,1531
Arizona,2021-08-20,3109,53,7278717,137388,1584
Arizona,2021-08-21,3195,36,7278717,140583,1620
Arizona,2021-08-22,3307,3,7278717,143890,1623
Arizona,2021-08-23,2632,0,7278717,146522,1623
Arizona,2021-08-24,2595,38,7278717,149117,1661
Arizona,2021-08-25,0,0,7278717,149117,1661
Arizona,2021-08-26,6855,23,7278717,155972,1684
Arizona,2021-08-27,3707,63,7278717,159679,1747
Arizona,2021-08-28,3893,55,7278717,163572,1802
Arizona,2021-08-29,2090,8,7278717,165662,1810
Arizona,2021-08-30,3247,0,7278717,168909,1810
Arizona,2021-08-31,822,-1,7278717,169731,1809
Arizona,2021-09-01,4740,67,7278717,174471,1876
Arizona,2021-09-02,3470,26,7278717,177941,1902
Arizona,2021-09-03,3802,80,7278717,181743,1982
Arizona,2021-09-04,3424,38,7278717,185167,2020
Arkansas,2021-04-02,144,3,3017804,144,3
Arkansas,2021-04-03,217,2,3017804,361,5
Arkansas,2021-04-04,84,2,3017804,445,7
Arkansas,2021-04-05,44,5,3017804,489,12
Arkansas,2021-04-06,163,5,3017804,652,17
Arkansas,2021-04-07,244,7,3017804,896,24
Arkansas,2021-04-08,199,2,3017804,1095,26
Arkansas,2021-04-09,178,-1,3017804,1273,25
Arkansas,2021-04-10,171,0,3017804,1444,25
Arkansas,2021-04-11,100,0,3017804,1544,25
Arkansas,2021-04-12,69,4,3017804,1613,29
Arkansas,2021-04-13,224,8,3017804,1837,37
Arkansas,2021-04-14,220,7,3017804,2057,44
Arkansas,2021-04-15,283,6,3017804,2340,50
Arkansas,2021-04-16,237,6,3017804,2577,56
Arkansas,2021-04-17,221,1,3017804,2798,57
Arkansas,2021-04-18,45,1,3017804,2843,58
Arkansas,2021-04-19,59,5,3017804,2902,63
Arkansas,2021-04-20,198,7,3017804,3100,70
Arkansas,2021-04-21,352,2,3017804,3452,72
Arkansas,2021-04-22,161,3,3017804,3613,75
Arkansas,2021-04-23,236,5,3017804,3849,80
Arkansas,2021-04-24,184,1,3017804,4033,81
Arkansas,2021-04-25,64,1,3017804,4097,82
Arkansas,2021-04-26,63,2,3017804,4160,84
Arkansas,2021-04-27,229,5,3017804,4389,89
Arkansas,2021-04-28,291,1,3017804,4680,90
Arkansas,2021-04-29,240,9,3017804,4920,99
Arkansas,2021-04-30,196,4,3017804,5116,103
Arkansas,2021-05-01,243,2,3017804,5359,105
Arkansas,2021-05-02,137,2,3017804,5496,107
Arkansas,2021-05-03,61,4,3017804,5557,111
Arkansas,2021-05-04,296,5,3017804,5853,116
Arkansas,2021-05-05,298,2,3017804,6151,118
Arkansas,2021-05-06,188,3,3017804,6339,121
Arkansas,2021-05-07,222,2,3017804,6561,123
Arkansas,2021-05-08,245,1,3017804,6806,124
Arkansas,2021-05-09,95,1,3017804,6901,125
Arkansas,2021-05-10,76,3,3017804,6977,128
Arkansas,2021-05-11,233,6,3017804,7210,134
Arkansas,2021-05-12,224,7,3017804,7434,141
Arkansas,2021-05-13,192,6,3017804,7626,147
Arkansas,2021-05-14,250,7,3017804,7876,154
Arkansas,2021-05-15,202,3,3017804,8078,157
Arkansas,2021-05-16,95,1,3017804,8173,158
Arkansas,2021-05-17,67,2,3017804,8240,160
Arkansas,2021-05-18,313,9,3017804,8553,169
Arkansas,2021-05-19,244,0,3017804,8797,169
Arkansas,2021-05-20,256,3,3017804,9053,172
Arkansas,2021-05-21,201,3,3017804,9254,175
Arkansas,2021-05-22,177,5,3017804,9431,180
Arkansas,2021-05-23,97,1,3017804,9528,181
Arkansas,2021-05-24,49,3,3017804,9577,184
Arkansas,2021-05-25,329,4,3017804,9906,188
Arkansas,2021-05-26,183,3,3017804,10089,191
Arkansas,2021-05-27,218,2,3017804,10307,193
Arkansas,2021-05-28,214,1,3017804,10521,194
Arkansas,2021-05-29,160,0,3017804,10681,194
Arkansas,2021-05-30,61,2,3017804,10742,196
Arkansas,2021-05-31,30,1,3017804,10772,197
Arkansas,2021-06-01,69,1,3017804,10841,198
Arkansas,2021-06-02,242,1,3017804,11083,199
Arkansas,2021-06-03,197,7,3017804,11280,206
Arkansas,2021-06-04,253,3,3017804,11533,209
Arkansas,2021-06-05,203,1,3017804,11736,210
Arkansas,2021-06-06,88,0,3017804,11824,210
Arkansas,2021-06-07,62,3,3017804,11886,213
Arkansas,2021-06-08,231,3,3017804,12117,216
Arkansas,2021-06-09,201,2,3017804,12318,218
Arkansas,2021-06-10,289,2,3017804,12607,220
Arkansas,2021-06-11,393,3,3017804,13000,223
Arkansas,2021-06-12,264,1,3017804,13264,224
Arkansas,2021-06-13,91,1,3017804,13355,225
Arkansas,2021-06-14,103,2,3017804,13458,227
Arkansas,2021-06-15,302,6,3017804,13760,233
Arkansas,2021-06-16,288,-2,3017804,14048,231
Arkansas,2021-06-17,288,2,3017804,14336,233
Arkansas,2021-06-18,276,5,3017804,14612,238
Arkansas,2021-06-19,251,0,3017804,14863,238
Arkansas,2021-06-20,133,0,3017804,14996,238
Arkansas,2021-06-21,90,2,3017804,15086,240
Arkansas,2021-06-22,485,8,3017804,15571,248
Arkansas,2021-06-23,389,3,3017804,15960,251
Arkansas,2021-06-24,383,3,3017804,16343,254
Arkansas,2021-06-25,302,3,3017804,16645,257
Arkansas,2021-06-26,0,0,3017804,16645,257
Arkansas,2021-06-27,0,0,3017804,16645,257
Arkansas,2021-06-28,966,4,3017804,17611,261
Arkansas,2021-06-29,479,8,3017804,18090,269
Arkansas,2021-06-30,686,4,3017804,18776,273
Arkansas,2021-07-01,700,0,3017804,19476,273
Arkansas,2021-07-02,494,4,3017804,19970,277
Arkansas,2021-07-03,0,0,3017804,19970,277
Arkansas,2021-07-04,0,0,3017804,19970,277
Arkansas,2021-07-05,1246,7,3017804,21216,284
Arkansas,2021-07-06,270,6,3017804,21486,290
Arkansas,2021-07-07,1000,7,3017804,22486,297
Arkansas,2021-07-08,1210,11,3017804,23696,308
Arkansas,2021-07-09,1155,4,3017804,24851,312
Arkansas,2021-07-10,0,0,3017804,24851,312
Arkansas,2021-07-11,0,0,3017804,24851,312
Arkansas,2021-07-12,2013,7,3017804,26864,319
Arkansas,2021-07-13,1476,15,3017804,28340,334
Arkansas,2021-07-14,1309,7,3017804,29649,341
Arkansas,2021-07-15,980,4,3017804,30629,345
Arkansas,2021-07-16,1342,11,3017804,31971,356
Arkansas,2021-07-17,0,0,3017804,31971,356
Arkansas,2021-07-18,0,0,3017804,31971,356
Arkansas,2021-07-19,2552,15,3017804,34523,371
Arkansas,2021-07-20,1875,0,3017804,36398,371
Arkansas,2021-07-21,1459,13,3017804,37857,384
Arkansas,2021-07-22,1860,15,3017804,39717,399
Arkansas,2021-07-23,1987,6,3017804,41704,405
Arkansas,2021-07-24,2015,7,3017804,43719,412
Arkansas,2021-07-25,1022,6,3017804,44741,418
Arkansas,2021-07-26,621,23,3017804,45362,441
Arkansas,2021-07-27,2052,10,3017804,47414,451
Arkansas,2021-07-28,1703,12,3017804,49117,463
Arkansas,2021-07-29,2843,11,3017804,51960,474
Arkansas,2021-07-30,2544,13,3017804,54504,487
Arkansas,2021-07-31,1339,18,3017804,55843,505
Arkansas,2021-08-01,1984,16,3017804,57827,521
Arkansas,2021-08-02,844,42,3017804,58671,563
Arkansas,2021-08-03,2343,16,3017804,61014,579
Arkansas,2021-08-04,2838,15,3017804,63852,594
Arkansas,2021-08-05,2777,17,3017804,66629,611
Arkansas,2021-08-06,3037,22,3017804,69666,633
Arkansas,2021-08-07,2633,21,3017804,72299,654
Arkansas,2021-08-08,1369,11,3017804,73668,665
Arkansas,2021-08-09,995,21,3017804,74663,686
Arkansas,2021-08-10,2620,24,3017804,77283,710
Arkansas,2021-08-11,2940,20,3017804,80223,730
Arkansas,2021-08-12,2318,30,3017804,82541,760
Arkansas,2021-08-13,3023,36,3017804,85564,796
Arkansas,2021-08-14,2117,13,3017804,87681,809
Arkansas,2021-08-15,1517,22,3017804,89198,831
Arkansas,2021-08-16,856,31,3017804,90054,862
Arkansas,2021-08-17,2203,41,3017804,92257,903
Arkansas,2021-08-18,2685,26,3017804,94942,929
Arkansas,2021-08-19,3549,16,3017804,98491,945
Arkansas,2021-08-20,2407,33,3017804,100898,978
Arkansas,2021-08-21,2520,31,3017804,103418,1009
Arkansas,2021-08-22,1229,29,3017804,104647,1038
Arkansas,2021-08-23,986,30,3017804,105633,1068
Arkansas,2021-08-24,2223,45,3017804,107856,1113
Arkansas,2021-08-25,2781,25,3017804,110637,1138
Arkansas,2021-08-26,2318,32,3017804,112955,1170
Arkansas,2021-08-27,2866,30,3017804,115821,1200
Arkansas,2021-08-28,2166,18,3017804,117987,1218
Arkansas,2021-08-29,787,25,3017804,118774,1243
Arkansas,2021-08-30,882,33,3017804,119656,1276
Arkansas,2021-08-31,2626,22,3017804,122282,1298
Arkansas,2021-09-01,2890,35,3017804,125172,1333
Arkansas,2021-09-02,2453,34,3017804,127625,1367
Arkansas,2021-09-03,2129,19,3017804,129754,1386
Arkansas,2021-09-04,2360,16,3017804,132114,1402
California,2021-04-02,3842,203,39512223,3842,203
California,2021-04-03,992,65,39512223,4834,268
California,2021-04-04,690,54,39512223,5524,322
California,2021-04-05,5988,66,39512223,11512,388
California,2021-04-06,2184,85,39512223,13696,473
California,2021-04-07,2448,107,39512223,16144,580
California,2021-04-08,2538,140,39512223,18682,720
California,2021-04-09,3643,157,39512223,22325,877
California,2021-04-10,3306,91,39512223,25631,968
California,2021-04-11,3491,68,39512223,29122,1036
California,2021-04-12,3599,39,39512223,32721,1075
California,2021-04-13,2559,49,39512223,35280,1124
California,2021-04-14,2087,149,39512223,37367,1273
California,2021-04-15,3007,89,39512223,40374,1362
California,2021-04-16,2864,122,39512223,43238,1484
California,2021-04-17,1992,75,39512223,45230,1559
California,2021-04-18,1631,44,39512223,46861,1603
California,2021-04-19,2691,3,39512223,49552,1606
California,2021-04-20,2545,78,39512223,52097,1684
California,2021-04-21,1642,72,39512223,53739,1756
California,2021-04-22,2825,118,39512223,56564,1874
California,2021-04-23,1203,85,39512223,57767,1959
California,2021-04-24,2029,46,39512223,59796,2005
California,2021-04-25,625,34,39512223,60421,2039
California,2021-04-26,2792,16,39512223,63213,2055
California,2021-04-27,2183,25,39512223,65396,2080
California,2021-04-28,1582,61,39512223,66978,2141
California,2021-04-29,1711,89,39512223,68689,2230
California,2021-04-30,2077,95,39512223,70766,2325
California,2021-05-01,1566,87,39512223,72332,2412
California,2021-05-02,1256,64,39512223,73588,2476
California,2021-05-03,2400,27,39512223,75988,2503
California,2021-05-04,2243,47,39512223,78231,2550
California,2021-05-05,1064,42,39512223,79295,2592
California,2021-05-06,2529,80,39512223,81824,2672
California,2021-05-07,2696,66,39512223,84520,2738
California,2021-05-08,1246,63,39512223,85766,2801
California,2021-05-09,1022,34,39512223,86788,2835
California,2021-05-10,2166,18,39512223,88954,2853
California,2021-05-11,1476,32,39512223,90430,2885
California,2021-05-12,1502,15,39512223,91932,2900
California,2021-05-13,1124,47,39512223,93056,2947
California,2021-05-14,2647,50,39512223,95703,2997
California,2021-05-15,1035,28,39512223,96738,3025
California,2021-05-16,718,33,39512223,97456,3058
California,2021-05-17,1022,7,39512223,98478,3065
California,2021-05-18,1413,26,39512223,99891,3091
California,2021-05-19,1462,42,39512223,101353,3133
California,2021-05-20,1792,48,39512223,103145,3181
California,2021-05-21,1125,45,39512223,104270,3226
California,2021-05-22,727,47,39512223,104997,3273
California,2021-05-23,731,22,39512223,105728,3295
California,2021-05-24,1478,16,39512223,107206,3311
California,2021-05-25,1443,38,39512223,108649,3349
California,2021-05-26,1122,34,39512223,109771,3383
California,2021-05-27,5339,160,39512223,115110,3543
California,2021-05-28,1452,30,39512223,116562,3573
California,2021-05-29,802,1,39512223,117364,3574
California,2021-05-30,514,12,39512223,117878,3586
California,2021-05-31,345,2,39512223,118223,3588
California,2021-06-01,1404,12,39512223,119627,3600
California,2021-06-02,913,35,39512223,120540,3635
California,2021-06-03,1073,59,39512223,121613,3694
California,2021-06-04,1167,55,39512223,122780,3749
California,2021-06-05,798,35,39512223,123578,3784
California,2021-06-06,653,31,39512223,124231,3815
California,2021-06-07,1196,7,39512223,125427,3822
California,2021-06-08,1161,21,39512223,126588,3843
California,2021-06-09,694,15,39512223,127282,3858
California,2021-06-10,1347,45,39512223,128629,3903
California,2021-06-11,1051,38,39512223,129680,3941
California,2021-06-12,509,20,39512223,130189,3961
California,2021-06-13,190,6,39512223,130379,3967
California,2021-06-14,1366,9,39512223,131745,3976
California,2021-06-15,1261,4,39512223,133006,3980
California,2021-06-16,743,19,39512223,133749,3999
California,2021-06-17,1056,27,39512223,134805,4026
California,2021-06-18,311,18,39512223,135116,4044
California,2021-06-19,1261,33,39512223,136377,4077
California,2021-06-20,532,27,39512223,136909,4104
California,2021-06-21,1452,21,39512223,138361,4125
California,2021-06-22,1098,17,39512223,139459,4142
California,2021-06-23,915,51,39512223,140374,4193
California,2021-06-24,1102,76,39512223,141476,4269
California,2021-06-25,1185,34,39512223,142661,4303
California,2021-06-26,880,33,39512223,143541,4336
California,2021-06-27,861,20,39512223,144402,4356
California,2021-06-28,1621,9,39512223,146023,4365
California,2021-06-29,685,6,39512223,146708,4371
California,2021-06-30,-1398,30,39512223,145310,4401
California,2021-07-01,1667,64,39512223,146977,4465
California,2021-07-02,1336,50,39512223,148313,4515
California,2021-07-03,780,0,39512223,149093,4515
California,2021-07-04,479,-1,39512223,149572,4514
California,2021-07-05,651,5,39512223,150223,4519
California,2021-07-06,2797,67,39512223,153020,4586
California,2021-07-07,2139,25,39512223,155159,4611
California,2021-07-08,3434,68,39512223,158593,4679
California,2021-07-09,2118,60,39512223,160711,4739
California,2021-07-10,2008,57,39512223,162719,4796
California,2021-07-11,1401,0,39512223,164120,4796
California,2021-07-12,4782,32,39512223,168902,4828
California,2021-07-13,4929,20,39512223,173831,4848
California,2021-07-14,2566,28,39512223,176397,4876
California,2021-07-15,1794,31,39512223,178191,4907
California,2021-07-16,5627,43,39512223,183818,4950
California,2021-07-17,3224,7,39512223,187042,4957
California,2021-07-18,2108,1,39512223,189150,4958
California,2021-07-19,5156,39,39512223,194306,4997
California,2021-07-20,9765,11,39512223,204071,5008
California,2021-07-21,7766,19,39512223,211837,5027
California,2021-07-22,10340,72,39512223,222177,5099
California,2021-07-23,1030,-7,39512223,223207,5092
California,2021-07-24,8496,3,39512223,231703,5095
California,2021-07-25,2938,4,39512223,234641,5099
California,2021-07-26,11620,32,39512223,246261,5131
California,2021-07-27,10291,25,39512223,256552,5156
California,2021-07-28,7689,49,39512223,264241,5205
California,2021-07-29,9343,45,39512223,273584,5250
California,2021-07-30,11370,37,39512223,284954,5287
California,2021-07-31,4887,2,39512223,289841,5289
California,2021-08-01,5753,4,39512223,295594,5293
California,2021-08-02,16983,118,39512223,312577,5411
California,2021-08-03,13841,51,39512223,326418,5462
California,2021-08-04,6020,22,39512223,332438,5484
California,2021-08-05,14259,74,39512223,346697,5558
California,2021-08-06,13769,37,39512223,360466,5595
California,2021-08-07,8022,23,39512223,368488,5618
California,2021-08-08,7260,30,39512223,375748,5648
California,2021-08-09,16220,16,39512223,391968,5664
California,2021-08-10,13315,53,39512223,405283,5717
California,2021-08-11,11751,-360,39512223,417034,5357
California,2021-08-12,9575,36,39512223,426609,5393
California,2021-08-13,18163,64,39512223,444772,5457
California,2021-08-14,8834,40,39512223,453606,5497
California,2021-08-15,7377,32,39512223,460983,5529
California,2021-08-16,16035,29,39512223,477018,5558
California,2021-08-17,15481,50,39512223,492499,5608
California,2021-08-18,12508,101,39512223,505007,5709
California,2021-08-19,12284,75,39512223,517291,5784
California,2021-08-20,25908,101,39512223,543199,5885
California,2021-08-21,12881,76,39512223,556080,5961
California,2021-08-22,7270,42,39512223,563350,6003
California,2021-08-23,17005,31,39512223,580355,6034
California,2021-08-24,15253,89,39512223,595608,6123
California,2021-08-25,13258,140,39512223,608866,6263
California,2021-08-26,13148,109,39512223,622014,6372
California,2021-08-27,15774,121,39512223,637788,6493
California,2021-08-28,9416,61,39512223,647204,6554
California,2021-08-29,7651,67,39512223,654855,6621
California,2021-08-30,19925,57,39512223,674780,6678
California,2021-08-31,14660,59,39512223,689440,6737
California,2021-09-01,22363,163,39512223,711803,6900
California,2021-09-02,11559,146,39512223,723362,7046
California,2021-09-03,10613,119,39512223,733975,7165
California,2021-09-04,6246,82,39512223,740221,7247
Colorado,2021-04-02,1645,1,5758736,1645,1
Colorado,2021-04-03,1571,6,5758736,3216,7
Colorado,2021-04-04,1220,2,5758736,4436,9
Colorado,2021-04-05,867,0,5758736,5303,9
Colorado,2021-04-06,1266,6,5758736,6569,15
Colorado,2021-04-07,1914,8,5758736,8483,23
Colorado,2021-04-08,1885,3,5758736,10368,26
Colorado,2021-04-09,1936,8,5758736,12304,34
Colorado,2021-04-10,1454,4,5758736,13758,38
Colorado,2021-04-11,1235,2,5758736,14993,40
Colorado,2021-04-12,912,0,5758736,15905,40
Colorado,2021-04-13,1904,11,5758736,17809,51
Colorado,2021-04-14,2326,5,5758736,20135,56
Colorado,2021-04-15,1498,4,5758736,21633,60
Colorado,2021-04-16,2260,9,5758736,23893,69
Colorado,2021-04-17,1450,2,5758736,25343,71
Colorado,2021-04-18,1261,11,5758736,26604,82
Colorado,2021-04-19,777,2,5758736,27381,84
Colorado,2021-04-20,1963,10,5758736,29344,94
Colorado,2021-04-21,1492,4,5758736,30836,98
Colorado,2021-04-22,2361,10,5758736,33197,108
Colorado,2021-04-23,1876,6,5758736,35073,114
Colorado,2021-04-24,1917,18,5758736,36990,132
Colorado,2021-04-25,1567,2,5758736,38557,134
Colorado,2021-04-26,1012,4,5758736,39569,138
Colorado,2021-04-27,2014,9,5758736,41583,147
Colorado,2021-04-28,1137,8,5758736,42720,155
Colorado,2021-04-29,2789,12,5758736,45509,167
Colorado,2021-04-30,1772,11,5758736,47281,178
Colorado,2021-05-01,1838,7,5758736,49119,185
Colorado,2021-05-02,961,2,5758736,50080,187
Colorado,2021-05-03,956,2,5758736,51036,189
Colorado,2021-05-04,1519,15,5758736,52555,204
Colorado,2021-05-05,1611,16,5758736,54166,220
Colorado,2021-05-06,1563,8,5758736,55729,228
Colorado,2021-05-07,1402,7,5758736,57131,235
Colorado,2021-05-08,1566,3,5758736,58697,238
Colorado,2021-05-09,927,2,5758736,59624,240
Colorado,2021-05-10,881,0,5758736,60505,240
Colorado,2021-05-11,1284,14,5758736,61789,254
Colorado,2021-05-12,1213,31,5758736,63002,285
Colorado,2021-05-13,1846,21,5758736,64848,306
Colorado,2021-05-14,1565,9,5758736,66413,315
Colorado,2021-05-15,972,10,5758736,67385,325
Colorado,2021-05-16,630,8,5758736,68015,333
Colorado,2021-05-17,689,0,5758736,68704,333
Colorado,2021-05-18,730,6,5758736,69434,339
Colorado,2021-05-19,1245,16,5758736,70679,355
Colorado,2021-05-20,952,6,5758736,71631,361
Colorado,2021-05-21,812,19,5758736,72443,380
Colorado,2021-05-22,841,6,5758736,73284,386
Colorado,2021-05-23,432,2,5758736,73716,388
Colorado,2021-05-24,457,4,5758736,74173,392
Colorado,2021-05-25,1403,11,5758736,75576,403
Colorado,2021-05-26,831,11,5758736,76407,414
Colorado,2021-05-27,832,14,5758736,77239,428
Colorado,2021-05-28,802,7,5758736,78041,435
Colorado,2021-05-29,679,24,5758736,78720,459
Colorado,2021-05-30,484,4,5758736,79204,463
Colorado,2021-05-31,285,0,5758736,79489,463
Colorado,2021-06-01,407,-1,5758736,79896,462
Colorado,2021-06-02,576,11,5758736,80472,473
Colorado,2021-06-03,845,13,5758736,81317,486
Colorado,2021-06-04,767,8,5758736,82084,494
Colorado,2021-06-05,731,2,5758736,82815,496
Colorado,2021-06-06,374,0,5758736,83189,496
Colorado,2021-06-07,317,12,5758736,83506,508
Colorado,2021-06-08,600,14,5758736,84106,522
Colorado,2021-06-09,697,12,5758736,84803,534
Colorado,2021-06-10,596,15,5758736,85399,549
Colorado,2021-06-11,930,11,5758736,86329,560
Colorado,2021-06-12,604,11,5758736,86933,571
Colorado,2021-06-13,473,1,5758736,87406,572
Colorado,2021-06-14,237,1,5758736,87643,573
Colorado,2021-06-15,391,10,5758736,88034,583
Colorado,2021-06-16,464,9,5758736,88498,592
Colorado,2021-06-17,543,4,5758736,89041,596
Colorado,2021-06-18,474,10,5758736,89515,606
Colorado,2021-06-19,396,9,5758736,89911,615
Colorado,2021-06-20,272,-1,5758736,90183,614
Colorado,2021-06-21,222,5,5758736,90405,619
Colorado,2021-06-22,383,4,5758736,90788,623
Colorado,2021-06-23,504,14,5758736,91292,637
Colorado,2021-06-24,592,11,5758736,91884,648
Colorado,2021-06-25,402,6,5758736,92286,654
Colorado,2021-06-26,571,-1,5758736,92857,653
Colorado,2021-06-27,233,7,5758736,93090,660
Colorado,2021-06-28,229,-1,5758736,93319,659
Colorado,2021-06-29,343,12,5758736,93662,671
Colorado,2021-06-30,444,6,5758736,94106,677
Colorado,2021-07-01,530,4,5758736,94636,681
Colorado,2021-07-02,499,4,5758736,95135,685
Colorado,2021-07-03,452,12,5758736,95587,697
Colorado,2021-07-04,262,3,5758736,95849,700
Colorado,2021-07-05,170,0,5758736,96019,700
Colorado,2021-07-06,217,0,5758736,96236,700
Colorado,2021-07-07,498,7,5758736,96734,707
Colorado,2021-07-08,441,3,5758736,97175,710
Colorado,2021-07-09,1052,10,5758736,98227,720
Colorado,2021-07-10,489,11,5758736,98716,731
Colorado,2021-07-11,362,5,5758736,99078,736
Colorado,2021-07-12,323,0,5758736,99401,736
Colorado,2021-07-13,556,8,5758736,99957,744
Colorado,2021-07-14,522,8,5758736,100479,752
Colorado,2021-07-15,522,3,5758736,101001,755
Colorado,2021-07-16,608,4,5758736,101609,759
Colorado,2021-07-17,535,10,5758736,102144,769
Colorado,2021-07-18,460,1,5758736,102604,770
Colorado,2021-07-19,381,-1,5758736,102985,769
Colorado,2021-07-20,545,3,5758736,103530,772
Colorado,2021-07-21,623,6,5758736,104153,778
Colorado,2021-07-22,759,6,5758736,104912,784
Colorado,2021-07-23,692,9,5758736,105604,793
Colorado,2021-07-24,0,0,5758736,105604,793
Colorado,2021-07-25,0,0,5758736,105604,793
Colorado,2021-07-26,1798,14,5758736,107402,807
Colorado,2021-07-27,871,-2,5758736,108273,805
Colorado,2021-07-28,896,2,5758736,109169,807
Colorado,2021-07-29,1053,11,5758736,110222,818
Colorado,2021-07-30,1175,10,5758736,111397,828
Colorado,2021-07-31,0,0,5758736,111397,828
Colorado,2021-08-01,0,0,5758736,111397,828
Colorado,2021-08-02,2203,11,5758736,113600,839
Colorado,2021-08-03,991,1,5758736,114591,840
Colorado,2021-08-04,1090,6,5758736,115681,846
Colorado,2021-08-05,1244,7,5758736,116925,853
Colorado,2021-08-06,1082,8,5758736,118007,861
Colorado,2021-08-07,0,0,5758736,118007,861
Colorado,2021-08-08,0,0,5758736,118007,861
Colorado,2021-08-09,2770,20,5758736,120777,881
Colorado,2021-08-10,890,12,5758736,121667,893
Colorado,2021-08-11,1210,3,5758736,122877,896
Colorado,2021-08-12,1668,10,5758736,124545,906
Colorado,2021-08-13,1296,9,5758736,125841,915
Colorado,2021-08-14,0,0,5758736,125841,915
Colorado,2021-08-15,0,0,5758736,125841,915
Colorado,2021-08-16,2846,9,5758736,128687,924
Colorado,2021-08-17,1190,6,5758736,129877,930
Colorado,2021-08-18,2023,8,5758736,131900,938
Colorado,2021-08-19,1696,4,5758736,133596,942
Colorado,2021-08-20,1659,8,5758736,135255,950
Colorado,2021-08-21,0,0,5758736,135255,950
Colorado,2021-08-22,0,0,5758736,135255,950
Colorado,2021-08-23,4326,11,5758736,139581,961
Colorado,2021-08-24,1250,6,5758736,140831,967
Colorado,2021-08-25,1720,4,5758736,142551,971
Colorado,2021-08-26,1811,7,5758736,144362,978
Colorado,2021-08-27,2080,16,5758736,146442,994
Colorado,2021-08-28,0,0,5758736,146442,994
Colorado,2021-08-29,0,0,5758736,146442,994
Colorado,2021-08-30,3603,18,5758736,150045,1012
Colorado,2021-08-31,2148,13,5758736,152193,1025
Colorado,2021-09-01,2194,9,5758736,154387,1034
Colorado,2021-09-02,2196,19,5758736,156583,1053
Colorado,2021-09-03,2076,24,5758736,158659,1077
Colorado,2021-09-04,0,0,5758736,158659,1077
Connecticut,2021-04-02,1488,4,3565287,1488,4
Connecticut,2021-04-03,0,0,3565287,1488,4
Connecticut,2021-04-04,0,0,3565287,1488,4
Connecticut,2021-04-05,2699,19,3565287,4187,23
Connecticut,2021-04-06,1074,7,3565287,5261,30
Connecticut,2021-04-07,1038,5,3565287,6299,35
Connecticut,2021-04-08,1012,5,3565287,7311,40
Connecticut,2021-04-09,1807,4,3565287,9118,44
Connecticut,2021-04-10,0,0,3565287,9118,44
Connecticut,2021-04-11,0,0,3565287,9118,44
Connecticut,2021-04-12,2985,13,3565287,12103,57
Connecticut,2021-04-13,1118,17,3565287,13221,74
Connecticut,2021-04-14,1609,10,3565287,14830,84
Connecticut,2021-04-15,702,6,3565287,15532,90
Connecticut,2021-04-16,1062,5,3565287,16594,95
Connecticut,2021-04-17,0,0,3565287,16594,95
Connecticut,2021-04-18,0,0,3565287,16594,95
Connecticut,2021-04-19,2339,19,3565287,18933,114
Connecticut,2021-04-20,738,6,3565287,19671,120
Connecticut,2021-04-21,856,7,3565287,20527,127
Connecticut,2021-04-22,737,12,3565287,21264,139
Connecticut,2021-04-23,1034,8,3565287,22298,147
Connecticut,2021-04-24,0,0,3565287,22298,147
Connecticut,2021-04-25,0,0,3565287,22298,147
Connecticut,2021-04-26,2167,19,3565287,24465,166
Connecticut,2021-04-27,407,1,3565287,24872,167
Connecticut,2021-04-28,621,13,3565287,25493,180
Connecticut,2021-04-29,486,4,3565287,25979,184
Connecticut,2021-04-30,786,13,3565287,26765,197
Connecticut,2021-05-01,0,0,3565287,26765,197
Connecticut,2021-05-02,0,0,3565287,26765,197
Connecticut,2021-05-03,1312,15,3565287,28077,212
Connecticut,2021-05-04,417,5,3565287,28494,217
Connecticut,2021-05-05,609,7,3565287,29103,224
Connecticut,2021-05-06,711,7,3565287,29814,231
Connecticut,2021-05-07,436,6,3565287,30250,237
Connecticut,2021-05-08,0,0,3565287,30250,237
Connecticut,2021-05-09,0,0,3565287,30250,237
Connecticut,2021-05-10,827,17,3565287,31077,254
Connecticut,2021-05-11,409,2,3565287,31486,256
Connecticut,2021-05-12,187,5,3565287,31673,261
Connecticut,2021-05-13,471,7,3565287,32144,268
Connecticut,2021-05-14,365,5,3565287,32509,273
Connecticut,2021-05-15,0,0,3565287,32509,273
Connecticut,2021-05-16,0,0,3565287,32509,273
Connecticut,2021-05-17,662,21,3565287,33171,294
Connecticut,2021-05-18,81,4,3565287,33252,298
Connecticut,2021-05-19,228,6,3565287,33480,304
Connecticut,2021-05-20,206,4,3565287,33686,308
Connecticut,2021-05-21,171,4,3565287,33857,312
Connecticut,2021-05-22,0,0,3565287,33857,312
Connecticut,2021-05-23,0,0,3565287,33857,312
Connecticut,2021-05-24,386,7,3565287,34243,319
Connecticut,2021-05-25,181,2,3565287,34424,321
Connecticut,2021-05-26,88,6,3565287,34512,327
Connecticut,2021-05-27,157,3,3565287,34669,330
Connecticut,2021-05-28,204,8,3565287,34873,338
Connecticut,2021-05-29,0,0,3565287,34873,338
Connecticut,2021-05-30,0,0,3565287,34873,338
Connecticut,2021-05-31,0,0,3565287,34873,338
Connecticut,2021-06-01,222,6,3565287,35095,344
Connecticut,2021-06-02,115,3,3565287,35210,347
Connecticut,2021-06-03,70,-2,3565287,35280,345
Connecticut,2021-06-04,143,1,3565287,35423,346
Connecticut,2021-06-05,0,0,3565287,35423,346
Connecticut,2021-06-06,0,0,3565287,35423,346
Connecticut,2021-06-07,197,7,3565287,35620,353
Connecticut,2021-06-08,66,2,3565287,35686,355
Connecticut,2021-06-09,108,2,3565287,35794,357
Connecticut,2021-06-10,57,3,3565287,35851,360
Connecticut,2021-06-11,31,1,3565287,35882,361
Connecticut,2021-06-12,0,0,3565287,35882,361
Connecticut,2021-06-13,0,0,3565287,35882,361
Connecticut,2021-06-14,115,2,3565287,35997,363
Connecticut,2021-06-15,56,0,3565287,36053,363
Connecticut,2021-06-16,39,2,3565287,36092,365
Connecticut,2021-06-17,35,1,3565287,36127,366
Connecticut,2021-06-18,70,4,3565287,36197,370
Connecticut,2021-06-19,0,0,3565287,36197,370
Connecticut,2021-06-20,0,0,3565287,36197,370
Connecticut,2021-06-21,92,-1,3565287,36289,369
Connecticut,2021-06-22,45,2,3565287,36334,371
Connecticut,2021-06-23,38,0,3565287,36372,371
Connecticut,2021-06-24,153,3,3565287,36525,374
Connecticut,2021-06-25,127,1,3565287,36652,375
Connecticut,2021-06-26,0,0,3565287,36652,375
Connecticut,2021-06-27,0,0,3565287,36652,375
Connecticut,2021-06-28,141,1,3565287,36793,376
Connecticut,2021-06-29,40,0,3565287,36833,376
Connecticut,2021-06-30,51,2,3565287,36884,378
Connecticut,2021-07-01,35,1,3565287,36919,379
Connecticut,2021-07-02,89,0,3565287,37008,379
Connecticut,2021-07-03,0,0,3565287,37008,379
Connecticut,2021-07-04,0,0,3565287,37008,379
Connecticut,2021-07-05,0,0,3565287,37008,379
Connecticut,2021-07-06,175,0,3565287,37183,379
Connecticut,2021-07-07,92,-1,3565287,37275,378
Connecticut,2021-07-08,55,1,3565287,37330,379
Connecticut,2021-07-09,171,0,3565287,37501,379
Connecticut,2021-07-10,0,0,3565287,37501,379
Connecticut,2021-07-11,0,0,3565287,37501,379
Connecticut,2021-07-12,70,0,3565287,37571,379
Connecticut,2021-07-13,206,0,3565287,37777,379
Connecticut,2021-07-14,141,0,3565287,37918,379
Connecticut,2021-07-15,150,3,3565287,38068,382
Connecticut,2021-07-16,139,0,3565287,38207,382
Connecticut,2021-07-17,0,0,3565287,38207,382
Connecticut,2021-07-18,0,0,3565287,38207,382
Connecticut,2021-07-19,409,0,3565287,38616,382
Connecticut,2021-07-20,218,0,3565287,38834,382
Connecticut,2021-07-21,228,0,3565287,39062,382
Connecticut,2021-07-22,295,4,3565287,39357,386
Connecticut,2021-07-23,212,0,3565287,39569,386
Connecticut,2021-07-24,0,0,3565287,39569,386
Connecticut,2021-07-25,0,0,3565287,39569,386
Connecticut,2021-07-26,589,2,3565287,40158,388
Connecticut,2021-07-27,488,0,3565287,40646,388
Connecticut,2021-07-28,391,0,3565287,41037,388
Connecticut,2021-07-29,339,5,3565287,41376,393
Connecticut,2021-07-30,491,0,3565287,41867,393
Connecticut,2021-07-31,0,0,3565287,41867,393
Connecticut,2021-08-01,0,0,3565287,41867,393
Connecticut,2021-08-02,1245,0,3565287,43112,393
Connecticut,2021-08-03,584,-1,3565287,43696,392
Connecticut,2021-08-04,537,0,3565287,44233,392
Connecticut,2021-08-05,644,4,3565287,44877,396
Connecticut,2021-08-06,731,0,3565287,45608,396
Connecticut,2021-08-07,0,0,3565287,45608,396
Connecticut,2021-08-08,0,0,3565287,45608,396
Connecticut,2021-08-09,1287,0,3565287,46895,396
Connecticut,2021-08-10,275,1,3565287,47170,397
Connecticut,2021-08-11,914,0,3565287,48084,397
Connecticut,2021-08-12,742,10,3565287,48826,407
Connecticut,2021-08-13,542,0,3565287,49368,407
Connecticut,2021-08-14,0,0,3565287,49368,407
Connecticut,2021-08-15,0,0,3565287,49368,407
Connecticut,2021-08-16,1581,0,3565287,50949,407
Connecticut,2021-08-17,881,-3,3565287,51830,404
Connecticut,2021-08-18,593,3,3565287,52423,407
Connecticut,2021-08-19,534,23,3565287,52957,430
Connecticut,2021-08-20,431,7,3565287,53388,437
Connecticut,2021-08-21,0,0,3565287,53388,437
Connecticut,2021-08-22,0,0,3565287,53388,437
Connecticut,2021-08-23,1554,-2,3565287,54942,435
Connecticut,2021-08-24,1071,0,3565287,56013,435
Connecticut,2021-08-25,651,0,3565287,56664,435
Connecticut,2021-08-26,788,20,3565287,57452,455
Connecticut,2021-08-27,788,3,3565287,58240,458
Connecticut,2021-08-28,0,0,3565287,58240,458
Connecticut,2021-08-29,0,0,3565287,58240,458
Connecticut,2021-08-30,1361,0,3565287,59601,458
Connecticut,2021-08-31,1003,0,3565287,60604,458
Connecticut,2021-09-01,712,0,3565287,61316,458
Connecticut,2021-09-02,686,36,3565287,62002,494
Connecticut,2021-09-03,665,0,3565287,62667,494
Connecticut,2021-09-04,0,0,3565287,62667,494
Delaware,2021-04-02,402,6,973764,402,6
Delaware,2021-04-03,487,0,973764,889,6
Delaware,2021-04-04,299,1,973764,1188,7
Delaware,2021-04-05,201,0,973764,1389,7
Delaware,2021-04-06,229,1,973764,1618,8
Delaware,2021-04-07,236,0,973764,1854,8
Delaware,2021-04-08,362,1,973764,2216,9
Delaware,2021-04-09,380,5,973764,2596,14
Delaware,2021-04-10,419,4,973764,3015,18
Delaware,2021-04-11,367,1,973764,3382,19
Delaware,2021-04-12,355,3,973764,3737,22
Delaware,2021-04-13,210,6,973764,3947,28
Delaware,2021-04-14,380,4,973764,4327,32
Delaware,2021-04-15,400,4,973764,4727,36
Delaware,2021-04-16,407,1,973764,5134,37
Delaware,2021-04-17,455,6,973764,5589,43
Delaware,2021-04-18,381,0,973764,5970,43
Delaware,2021-04-19,389,0,973764,6359,43
Delaware,2021-04-20,160,1,973764,6519,44
Delaware,2021-04-21,286,0,973764,6805,44
Delaware,2021-04-22,274,1,973764,7079,45
Delaware,2021-04-23,326,5,973764,7405,50
Delaware,2021-04-24,334,6,973764,7739,56
Delaware,2021-04-25,295,1,973764,8034,57
Delaware,2021-04-26,237,1,973764,8271,58
Delaware,2021-04-27,144,0,973764,8415,58
Delaware,2021-04-28,241,5,973764,8656,63
Delaware,2021-04-29,194,2,973764,8850,65
Delaware,2021-04-30,367,1,973764,9217,66
Delaware,2021-05-01,216,1,973764,9433,67
Delaware,2021-05-02,288,0,973764,9721,67
Delaware,2021-05-03,158,0,973764,9879,67
Delaware,2021-05-04,137,0,973764,10016,67
Delaware,2021-05-05,197,2,973764,10213,69
Delaware,2021-05-06,171,1,973764,10384,70
Delaware,2021-05-07,203,0,973764,10587,70
Delaware,2021-05-08,173,7,973764,10760,77
Delaware,2021-05-09,200,0,973764,10960,77
Delaware,2021-05-10,104,5,973764,11064,82
Delaware,2021-05-11,89,3,973764,11153,85
Delaware,2021-05-12,114,0,973764,11267,85
Delaware,2021-05-13,125,4,973764,11392,89
Delaware,2021-05-14,135,3,973764,11527,92
Delaware,2021-05-15,158,0,973764,11685,92
Delaware,2021-05-16,134,0,973764,11819,92
Delaware,2021-05-17,82,0,973764,11901,92
Delaware,2021-05-18,86,0,973764,11987,92
Delaware,2021-05-19,753,1,973764,12740,93
Delaware,2021-05-20,103,0,973764,12843,93
Delaware,2021-05-21,135,2,973764,12978,95
Delaware,2021-05-22,114,5,973764,13092,100
Delaware,2021-05-23,85,0,973764,13177,100
Delaware,2021-05-24,44,0,973764,13221,100
Delaware,2021-05-25,0,0,973764,13221,100
Delaware,2021-05-26,123,1,973764,13344,101
Delaware,2021-05-27,75,0,973764,13419,101
Delaware,2021-05-28,74,0,973764,13493,101
Delaware,2021-05-29,89,1,973764,13582,102
Delaware,2021-05-30,51,0,973764,13633,102
Delaware,2021-05-31,45,0,973764,13678,102
Delaware,2021-06-01,28,0,973764,13706,102
Delaware,2021-06-02,17,5,973764,13723,107
Delaware,2021-06-03,46,2,973764,13769,109
Delaware,2021-06-04,48,6,973764,13817,115
Delaware,2021-06-05,65,3,973764,13882,118
Delaware,2021-06-06,56,0,973764,13938,118
Delaware,2021-06-07,41,0,973764,13979,118
Delaware,2021-06-08,21,0,973764,14000,118
Delaware,2021-06-09,37,0,973764,14037,118
Delaware,2021-06-10,33,2,973764,14070,120
Delaware,2021-06-11,38,0,973764,14108,120
Delaware,2021-06-12,26,0,973764,14134,120
Delaware,2021-06-13,36,0,973764,14170,120
Delaware,2021-06-14,21,0,973764,14191,120
Delaware,2021-06-15,42,0,973764,14233,120
Delaware,2021-06-16,-3,0,973764,14230,120
Delaware,2021-06-17,52,0,973764,14282,120
Delaware,2021-06-18,31,0,973764,14313,120
Delaware,2021-06-19,27,3,973764,14340,123
Delaware,2021-06-20,20,1,973764,14360,124
Delaware,2021-06-21,16,0,973764,14376,124
Delaware,2021-06-22,13,8,973764,14389,132
Delaware,2021-06-23,22,2,973764,14411,134
Delaware,2021-06-24,21,0,973764,14432,134
Delaware,2021-06-25,16,0,973764,14448,134
Delaware,2021-06-26,21,1,973764,14469,135
Delaware,2021-06-27,25,0,973764,14494,135
Delaware,2021-06-28,18,0,973764,14512,135
Delaware,2021-06-29,12,0,973764,14524,135
Delaware,2021-06-30,32,0,973764,14556,135
Delaware,2021-07-01,26,0,973764,14582,135
Delaware,2021-07-02,50,1,973764,14632,136
Delaware,2021-07-03,26,0,973764,14658,136
Delaware,2021-07-04,29,0,973764,14687,136
Delaware,2021-07-05,16,0,973764,14703,136
Delaware,2021-07-06,9,0,973764,14712,136
Delaware,2021-07-07,0,0,973764,14712,136
Delaware,2021-07-08,31,0,973764,14743,136
Delaware,2021-07-09,55,0,973764,14798,136
Delaware,2021-07-10,33,0,973764,14831,136
Delaware,2021-07-11,55,0,973764,14886,136
Delaware,2021-07-12,19,0,973764,14905,136
Delaware,2021-07-13,19,0,973764,14924,136
Delaware,2021-07-14,70,1,973764,14994,137
Delaware,2021-07-15,49,0,973764,15043,137
Delaware,2021-07-16,39,1,973764,15082,138
Delaware,2021-07-17,69,0,973764,15151,138
Delaware,2021-07-18,48,0,973764,15199,138
Delaware,2021-07-19,36,0,973764,15235,138
Delaware,2021-07-20,34,0,973764,15269,138
Delaware,2021-07-21,45,0,973764,15314,138
Delaware,2021-07-22,71,0,973764,15385,138
Delaware,2021-07-23,65,1,973764,15450,139
Delaware,2021-07-24,91,0,973764,15541,139
Delaware,2021-07-25,68,0,973764,15609,139
Delaware,2021-07-26,65,0,973764,15674,139
Delaware,2021-07-27,81,0,973764,15755,139
Delaware,2021-07-28,73,0,973764,15828,139
Delaware,2021-07-29,113,2,973764,15941,141
Delaware,2021-07-30,146,130,973764,16087,271
Delaware,2021-07-31,132,3,973764,16219,274
Delaware,2021-08-01,156,0,973764,16375,274
Delaware,2021-08-02,118,0,973764,16493,274
Delaware,2021-08-03,81,0,973764,16574,274
Delaware,2021-08-04,122,0,973764,16696,274
Delaware,2021-08-05,186,0,973764,16882,274
Delaware,2021-08-06,228,0,973764,17110,274
Delaware,2021-08-07,260,2,973764,17370,276
Delaware,2021-08-08,214,0,973764,17584,276
Delaware,2021-08-09,195,0,973764,17779,276
Delaware,2021-08-10,123,1,973764,17902,277
Delaware,2021-08-11,161,0,973764,18063,277
Delaware,2021-08-12,331,1,973764,18394,278
Delaware,2021-08-13,271,0,973764,18665,278
Delaware,2021-08-14,334,1,973764,18999,279
Delaware,2021-08-15,299,0,973764,19298,279
Delaware,2021-08-16,284,0,973764,19582,279
Delaware,2021-08-17,142,2,973764,19724,281
Delaware,2021-08-18,324,9,973764,20048,290
Delaware,2021-08-19,429,2,973764,20477,292
Delaware,2021-08-20,408,0,973764,20885,292
Delaware,2021-08-21,388,3,973764,21273,295
Delaware,2021-08-22,310,0,973764,21583,295
Delaware,2021-08-23,280,0,973764,21863,295
Delaware,2021-08-24,195,3,973764,22058,298
Delaware,2021-08-25,341,12,973764,22399,310
Delaware,2021-08-26,429,3,973764,22828,313
Delaware,2021-08-27,528,3,973764,23356,316
Delaware,2021-08-28,382,2,973764,23738,318
Delaware,2021-08-29,300,0,973764,24038,318
Delaware,2021-08-30,394,0,973764,24432,318
Delaware,2021-08-31,232,3,973764,24664,321
Delaware,2021-09-01,328,7,973764,24992,328
Delaware,2021-09-02,547,1,973764,25539,329
Delaware,2021-09-03,556,0,973764,26095,329
Delaware,2021-09-04,461,3,973764,26556,332
Florida,2021-04-02,6490,92,21477737,6490,92
Florida,2021-04-03,6017,66,21477737,12507,158
Florida,2021-04-04,4794,22,21477737,17301,180
Florida,2021-04-05,3480,36,21477737,20781,216
Florida,2021-04-06,5556,70,21477737,26337,286
Florida,2021-04-07,5885,42,21477737,32222,328
Florida,2021-04-08,7939,84,21477737,40161,412
Florida,2021-04-09,7121,62,21477737,47282,474
Florida,2021-04-10,6906,46,21477737,54188,520
Florida,2021-04-11,5520,7,21477737,59708,527
Florida,2021-04-12,1613,35,21477737,61321,562
Florida,2021-04-13,9068,64,21477737,70389,626
Florida,2021-04-14,6772,44,21477737,77161,670
Florida,2021-04-15,6762,74,21477737,83923,744
Florida,2021-04-16,7296,92,21477737,91219,836
Florida,2021-04-17,6323,74,21477737,97542,910
Florida,2021-04-18,6834,35,21477737,104376,945
Florida,2021-04-19,4237,32,21477737,108613,977
Florida,2021-04-20,5645,62,21477737,114258,1039
Florida,2021-04-21,5571,83,21477737,119829,1122
Florida,2021-04-22,6684,80,21477737,126513,1202
Florida,2021-04-23,5464,63,21477737,131977,1265
Florida,2021-04-24,7411,53,21477737,139388,1318
Florida,2021-04-25,4671,36,21477737,144059,1354
Florida,2021-04-26,3513,64,21477737,147572,1418
Florida,2021-04-27,5271,46,21477737,152843,1464
Florida,2021-04-28,5178,72,21477737,158021,1536
Florida,2021-04-29,5666,54,21477737,163687,1590
Florida,2021-04-30,5306,77,21477737,168993,1667
Florida,2021-05-01,5419,78,21477737,174412,1745
Florida,2021-05-02,3841,29,21477737,178253,1774
Florida,2021-05-03,3075,39,21477737,181328,1813
Florida,2021-05-04,3682,92,21477737,185010,1905
Florida,2021-05-05,4394,79,21477737,189404,1984
Florida,2021-05-06,4504,71,21477737,193908,2055
Florida,2021-05-07,4165,86,21477737,198073,2141
Florida,2021-05-08,3977,65,21477737,202050,2206
Florida,2021-05-09,3231,31,21477737,205281,2237
Florida,2021-05-10,2296,52,21477737,207577,2289
Florida,2021-05-11,3263,48,21477737,210840,2337
Florida,2021-05-12,3184,51,21477737,214024,2388
Florida,2021-05-13,4064,47,21477737,218088,2435
Florida,2021-05-14,3590,71,21477737,221678,2506
Florida,2021-05-15,3319,56,21477737,224997,2562
Florida,2021-05-16,2482,19,21477737,227479,2581
Florida,2021-05-17,1976,58,21477737,229455,2639
Florida,2021-05-18,2805,94,21477737,232260,2733
Florida,2021-05-19,2811,44,21477737,235071,2777
Florida,2021-05-20,2893,76,21477737,237964,2853
Florida,2021-05-21,2371,94,21477737,240335,2947
Florida,2021-05-22,3406,22,21477737,243741,2969
Florida,2021-05-23,2069,11,21477737,245810,2980
Florida,2021-05-24,1606,27,21477737,247416,3007
Florida,2021-05-25,1874,80,21477737,249290,3087
Florida,2021-05-26,2327,66,21477737,251617,3153
Florida,2021-05-27,2338,86,21477737,253955,3239
Florida,2021-05-28,2338,41,21477737,256293,3280
Florida,2021-05-29,0,0,21477737,256293,3280
Florida,2021-05-30,0,0,21477737,256293,3280
Florida,2021-05-31,0,0,21477737,256293,3280
Florida,2021-06-01,5937,95,21477737,262230,3375
Florida,2021-06-02,1234,55,21477737,263464,3430
Florida,2021-06-03,1878,49,21477737,265342,3479
Florida,2021-06-04,0,12,21477737,265342,3491
Florida,2021-06-05,3000,0,21477737,268342,3491
Florida,2021-06-06,0,0,21477737,268342,3491
Florida,2021-06-07,0,0,21477737,268342,3491
Florida,2021-06-08,0,0,21477737,268342,3491
Florida,2021-06-09,0,0,21477737,268342,3491
Florida,2021-06-10,0,0,21477737,268342,3491
Florida,2021-06-11,11454,280,21477737,279796,3771
Florida,2021-06-12,0,0,21477737,279796,3771
Florida,2021-06-13,0,0,21477737,279796,3771
Florida,2021-06-14,0,0,21477737,279796,3771
Florida,2021-06-15,0,0,21477737,279796,3771
Florida,2021-06-16,0,0,21477737,279796,3771
Florida,2021-06-17,0,0,21477737,279796,3771
Florida,2021-06-18,10095,290,21477737,289891,4061
Florida,2021-06-19,0,0,21477737,289891,4061
Florida,2021-06-20,0,0,21477737,289891,4061
Florida,2021-06-21,0,0,21477737,289891,4061
Florida,2021-06-22,0,0,21477737,289891,4061
Florida,2021-06-23,0,0,21477737,289891,4061
Florida,2021-06-24,0,0,21477737,289891,4061
Florida,2021-06-25,11048,217,21477737,300939,4278
Florida,2021-06-26,0,0,21477737,300939,4278
Florida,2021-06-27,0,0,21477737,300939,4278
Florida,2021-06-28,0,0,21477737,300939,4278
Florida,2021-06-29,0,0,21477737,300939,4278
Florida,2021-06-30,0,0,21477737,300939,4278
Florida,2021-07-01,0,0,21477737,300939,4278
Florida,2021-07-02,15684,213,21477737,316623,4491
Florida,2021-07-03,0,0,21477737,316623,4491
Florida,2021-07-04,0,0,21477737,316623,4491
Florida,2021-07-05,0,0,21477737,316623,4491
Florida,2021-07-06,0,0,21477737,316623,4491
Florida,2021-07-07,0,0,21477737,316623,4491
Florida,2021-07-08,0,0,21477737,316623,4491
Florida,2021-07-09,23747,172,21477737,340370,4663
Florida,2021-07-10,0,0,21477737,340370,4663
Florida,2021-07-11,0,0,21477737,340370,4663
Florida,2021-07-12,0,0,21477737,340370,4663
Florida,2021-07-13,0,0,21477737,340370,4663
Florida,2021-07-14,0,0,21477737,340370,4663
Florida,2021-07-15,0,0,21477737,340370,4663
Florida,2021-07-16,45449,231,21477737,385819,4894
Florida,2021-07-17,0,0,21477737,385819,4894
Florida,2021-07-18,0,0,21477737,385819,4894
Florida,2021-07-19,0,0,21477737,385819,4894
Florida,2021-07-20,0,0,21477737,385819,4894
Florida,2021-07-21,0,0,21477737,385819,4894
Florida,2021-07-22,0,0,21477737,385819,4894
Florida,2021-07-23,73166,282,21477737,458985,5176
Florida,2021-07-24,0,0,21477737,458985,5176
Florida,2021-07-25,0,0,21477737,458985,5176
Florida,2021-07-26,0,0,21477737,458985,5176
Florida,2021-07-27,0,0,21477737,458985,5176
Florida,2021-07-28,0,0,21477737,458985,5176
Florida,2021-07-29,0,0,21477737,458985,5176
Florida,2021-07-30,110724,409,21477737,569709,5585
Florida,2021-07-31,0,0,21477737,569709,5585
Florida,2021-08-01,0,0,21477737,569709,5585
Florida,2021-08-02,0,0,21477737,569709,5585
Florida,2021-08-03,0,0,21477737,569709,5585
Florida,2021-08-04,0,0,21477737,569709,5585
Florida,2021-08-05,0,0,21477737,569709,5585
Florida,2021-08-06,134751,616,21477737,704460,6201
Florida,2021-08-07,0,0,21477737,704460,6201
Florida,2021-08-08,0,0,21477737,704460,6201
Florida,2021-08-09,0,0,21477737,704460,6201
Florida,2021-08-10,0,0,21477737,704460,6201
Florida,2021-08-11,0,0,21477737,704460,6201
Florida,2021-08-12,0,0,21477737,704460,6201
Florida,2021-08-13,151764,1071,21477737,856224,7272
Florida,2021-08-14,0,0,21477737,856224,7272
Florida,2021-08-15,0,0,21477737,856224,7272
Florida,2021-08-16,0,0,21477737,856224,7272
Florida,2021-08-17,0,0,21477737,856224,7272
Florida,2021-08-18,0,0,21477737,856224,7272
Florida,2021-08-19,0,0,21477737,856224,7272
Florida,2021-08-20,150740,1486,21477737,1006964,8758
Florida,2021-08-21,0,0,21477737,1006964,8758
Florida,2021-08-22,0,0,21477737,1006964,8758
Florida,2021-08-23,0,0,21477737,1006964,8758
Florida,2021-08-24,0,0,21477737,1006964,8758
Florida,2021-08-25,0,0,21477737,1006964,8758
Florida,2021-08-26,0,0,21477737,1006964,8758
Florida,2021-08-27,151760,1727,21477737,1158724,10485
Florida,2021-08-28,0,0,21477737,1158724,10485
Florida,2021-08-29,0,0,21477737,1158724,10485
Florida,2021-08-30,0,0,21477737,1158724,10485
Florida,2021-08-31,0,0,21477737,1158724,10485
Florida,2021-09-01,0,0,21477737,1158724,10485
Florida,2021-09-02,0,0,21477737,1158724,10485
Florida,2021-09-03,129202,2345,21477737,1287926,12830
Florida,2021-09-04,0,0,21477737,1287926,12830
Georgia,2021-04-02,1582,57,10617423,1582,57
Georgia,2021-04-03,1125,34,10617423,2707,91
Georgia,2021-04-04,874,2,10617423,3581,93
Georgia,2021-04-05,643,0,10617423,4224,93
Georgia,2021-04-06,1474,26,10617423,5698,119
Georgia,2021-04-07,1528,67,10617423,7226,186
Georgia,2021-04-08,1490,69,10617423,8716,255
Georgia,2021-04-09,1441,50,10617423,10157,305
Georgia,2021-04-10,1570,64,10617423,11727,369
Georgia,2021-04-11,1092,0,10617423,12819,369
Georgia,2021-04-12,939,35,10617423,13758,404
Georgia,2021-04-13,1913,25,10617423,15671,429
Georgia,2021-04-14,1735,52,10617423,17406,481
Georgia,2021-04-15,1600,62,10617423,19006,543
Georgia,2021-04-16,1650,56,10617423,20656,599
Georgia,2021-04-17,1671,39,10617423,22327,638
Georgia,2021-04-18,972,1,10617423,23299,639
Georgia,2021-04-19,889,26,10617423,24188,665
Georgia,2021-04-20,1312,14,10617423,25500,679
Georgia,2021-04-21,1318,31,10617423,26818,710
Georgia,2021-04-22,1706,46,10617423,28524,756
Georgia,2021-04-23,1842,42,10617423,30366,798
Georgia,2021-04-24,1513,56,10617423,31879,854
Georgia,2021-04-25,916,2,10617423,32795,856
Georgia,2021-04-26,812,34,10617423,33607,890
Georgia,2021-04-27,1299,18,10617423,34906,908
Georgia,2021-04-28,1400,71,10617423,36306,979
Georgia,2021-04-29,1444,60,10617423,37750,1039
Georgia,2021-04-30,1464,32,10617423,39214,1071
Georgia,2021-05-01,1300,22,10617423,40514,1093
Georgia,2021-05-02,1302,0,10617423,41816,1093
Georgia,2021-05-03,870,15,10617423,42686,1108
Georgia,2021-05-04,1178,14,10617423,43864,1122
Georgia,2021-05-05,1018,32,10617423,44882,1154
Georgia,2021-05-06,1213,21,10617423,46095,1175
Georgia,2021-05-07,1249,43,10617423,47344,1218
Georgia,2021-05-08,1013,31,10617423,48357,1249
Georgia,2021-05-09,628,-1,10617423,48985,1248
Georgia,2021-05-10,460,1,10617423,49445,1249
Georgia,2021-05-11,958,23,10617423,50403,1272
Georgia,2021-05-12,921,41,10617423,51324,1313
Georgia,2021-05-13,1114,18,10617423,52438,1331
Georgia,2021-05-14,918,32,10617423,53356,1363
Georgia,2021-05-15,743,23,10617423,54099,1386
Georgia,2021-05-16,529,1,10617423,54628,1387
Georgia,2021-05-17,407,0,10617423,55035,1387
Georgia,2021-05-18,767,26,10617423,55802,1413
Georgia,2021-05-19,700,37,10617423,56502,1450
Georgia,2021-05-20,833,22,10617423,57335,1472
Georgia,2021-05-21,704,46,10617423,58039,1518
Georgia,2021-05-22,602,24,10617423,58641,1542
Georgia,2021-05-23,365,0,10617423,59006,1542
Georgia,2021-05-24,293,0,10617423,59299,1542
Georgia,2021-05-25,651,38,10617423,59950,1580
Georgia,2021-05-26,549,36,10617423,60499,1616
Georgia,2021-05-27,694,39,10617423,61193,1655
Georgia,2021-05-28,545,46,10617423,61738,1701
Georgia,2021-05-29,632,17,10617423,62370,1718
Georgia,2021-05-30,261,0,10617423,62631,1718
Georgia,2021-05-31,237,0,10617423,62868,1718
Georgia,2021-06-01,239,1,10617423,63107,1719
Georgia,2021-06-02,491,29,10617423,63598,1748
Georgia,2021-06-03,446,33,10617423,64044,1781
Georgia,2021-06-04,495,42,10617423,64539,1823
Georgia,2021-06-05,342,44,10617423,64881,1867
Georgia,2021-06-06,280,0,10617423,65161,1867
Georgia,2021-06-07,263,0,10617423,65424,1867
Georgia,2021-06-08,392,38,10617423,65816,1905
Georgia,2021-06-09,411,25,10617423,66227,1930
Georgia,2021-06-10,458,45,10617423,66685,1975
Georgia,2021-06-11,434,34,10617423,67119,2009
Georgia,2021-06-12,375,30,10617423,67494,2039
Georgia,2021-06-13,223,0,10617423,67717,2039
Georgia,2021-06-14,180,0,10617423,67897,2039
Georgia,2021-06-15,307,13,10617423,68204,2052
Georgia,2021-06-16,498,57,10617423,68702,2109
Georgia,2021-06-17,408,30,10617423,69110,2139
Georgia,2021-06-18,385,34,10617423,69495,2173
Georgia,2021-06-19,377,27,10617423,69872,2200
Georgia,2021-06-20,203,-1,10617423,70075,2199
Georgia,2021-06-21,184,0,10617423,70259,2199
Georgia,2021-06-22,351,11,10617423,70610,2210
Georgia,2021-06-23,389,21,10617423,70999,2231
Georgia,2021-06-24,357,17,10617423,71356,2248
Georgia,2021-06-25,332,2,10617423,71688,2250
Georgia,2021-06-26,402,24,10617423,72090,2274
Georgia,2021-06-27,228,0,10617423,72318,2274
Georgia,2021-06-28,190,0,10617423,72508,2274
Georgia,2021-06-29,502,19,10617423,73010,2293
Georgia,2021-06-30,590,11,10617423,73600,2304
Georgia,2021-07-01,520,5,10617423,74120,2309
Georgia,2021-07-02,433,15,10617423,74553,2324
Georgia,2021-07-03,0,0,10617423,74553,2324
Georgia,2021-07-04,0,0,10617423,74553,2324
Georgia,2021-07-05,0,0,10617423,74553,2324
Georgia,2021-07-06,1367,14,10617423,75920,2338
Georgia,2021-07-07,667,10,10617423,76587,2348
Georgia,2021-07-08,932,3,10617423,77519,2351
Georgia,2021-07-09,904,16,10617423,78423,2367
Georgia,2021-07-10,0,0,10617423,78423,2367
Georgia,2021-07-11,0,0,10617423,78423,2367
Georgia,2021-07-12,1763,13,10617423,80186,2380
Georgia,2021-07-13,1109,26,10617423,81295,2406
Georgia,2021-07-14,1260,2,10617423,82555,2408
Georgia,2021-07-15,1362,19,10617423,83917,2427
Georgia,2021-07-16,1086,12,10617423,85003,2439
Georgia,2021-07-17,0,0,10617423,85003,2439
Georgia,2021-07-18,0,0,10617423,85003,2439
Georgia,2021-07-19,3290,6,10617423,88293,2445
Georgia,2021-07-20,1569,7,10617423,89862,2452
Georgia,2021-07-21,2229,22,10617423,92091,2474
Georgia,2021-07-22,2144,12,10617423,94235,2486
Georgia,2021-07-23,2497,9,10617423,96732,2495
Georgia,2021-07-24,0,0,10617423,96732,2495
Georgia,2021-07-25,0,0,10617423,96732,2495
Georgia,2021-07-26,6113,14,10617423,102845,2509
Georgia,2021-07-27,3587,16,10617423,106432,2525
Georgia,2021-07-28,3828,10,10617423,110260,2535
Georgia,2021-07-29,4612,11,10617423,114872,2546
Georgia,2021-07-30,3604,11,10617423,118476,2557
Georgia,2021-07-31,0,0,10617423,118476,2557
Georgia,2021-08-01,0,0,10617423,118476,2557
Georgia,2021-08-02,6145,22,10617423,124621,2579
Georgia,2021-08-03,9174,25,10617423,133795,2604
Georgia,2021-08-04,4860,12,10617423,138655,2616
Georgia,2021-08-05,5806,32,10617423,144461,2648
Georgia,2021-08-06,6005,35,10617423,150466,2683
Georgia,2021-08-07,0,0,10617423,150466,2683
Georgia,2021-08-08,0,0,10617423,150466,2683
Georgia,2021-08-09,13041,29,10617423,163507,2712
Georgia,2021-08-10,6945,31,10617423,170452,2743
Georgia,2021-08-11,6958,32,10617423,177410,2775
Georgia,2021-08-12,7016,35,10617423,184426,2810
Georgia,2021-08-13,7216,49,10617423,191642,2859
Georgia,2021-08-14,0,0,10617423,191642,2859
Georgia,2021-08-15,0,0,10617423,191642,2859
Georgia,2021-08-16,19399,36,10617423,211041,2895
Georgia,2021-08-17,7639,46,10617423,218680,2941
Georgia,2021-08-18,8014,43,10617423,226694,2984
Georgia,2021-08-19,9836,48,10617423,236530,3032
Georgia,2021-08-20,9581,48,10617423,246111,3080
Georgia,2021-08-21,0,0,10617423,246111,3080
Georgia,2021-08-22,0,0,10617423,246111,3080
Georgia,2021-08-23,21072,64,10617423,267183,3144
Georgia,2021-08-24,9186,46,10617423,276369,3190
Georgia,2021-08-25,10677,91,10617423,287046,3281
Georgia,2021-08-26,10823,92,10617423,297869,3373
Georgia,2021-08-27,11084,61,10617423,308953,3434
Georgia,2021-08-28,0,0,10617423,308953,3434
Georgia,2021-08-29,0,0,10617423,308953,3434
Georgia,2021-08-30,23135,88,10617423,332088,3522
Georgia,2021-08-31,10521,99,10617423,342609,3621
Georgia,2021-09-01,9702,130,10617423,352311,3751
Georgia,2021-09-02,8412,136,10617423,360723,3887
Georgia,2021-09-03,12018,114,10617423,372741,4001
Georgia,2021-09-04,0,0,10617423,372741,4001
Hawaii,2021-04-02,262,0,1415872,262,0
Hawaii,2021-04-03,112,4,1415872,374,4
Hawaii,2021-04-04,96,0,1415872,470,4
Hawaii,2021-04-05,93,0,1415872,563,4
Hawaii,2021-04-06,59,0,1415872,622,4
Hawaii,2021-04-07,76,0,1415872,698,4
Hawaii,2021-04-08,122,3,1415872,820,7
Hawaii,2021-04-09,175,0,1415872,995,7
Hawaii,2021-04-10,113,1,1415872,1108,8
Hawaii,2021-04-11,92,0,1415872,1200,8
Hawaii,2021-04-12,70,0,1415872,1270,8
Hawaii,2021-04-13,63,0,1415872,1333,8
Hawaii,2021-04-14,71,2,1415872,1404,10
Hawaii,2021-04-15,95,0,1415872,1499,10
Hawaii,2021-04-16,182,1,1415872,1681,11
Hawaii,2021-04-17,99,0,1415872,1780,11
Hawaii,2021-04-18,111,0,1415872,1891,11
Hawaii,2021-04-19,65,0,1415872,1956,11
Hawaii,2021-04-20,44,0,1415872,2000,11
Hawaii,2021-04-21,71,0,1415872,2071,11
Hawaii,2021-04-22,97,2,1415872,2168,13
Hawaii,2021-04-23,143,1,1415872,2311,14
Hawaii,2021-04-24,51,1,1415872,2362,15
Hawaii,2021-04-25,122,0,1415872,2484,15
Hawaii,2021-04-26,67,0,1415872,2551,15
Hawaii,2021-04-27,50,1,1415872,2601,16
Hawaii,2021-04-28,69,3,1415872,2670,19
Hawaii,2021-04-29,122,1,1415872,2792,20
Hawaii,2021-04-30,192,0,1415872,2984,20
Hawaii,2021-05-01,119,0,1415872,3103,20
Hawaii,2021-05-02,112,0,1415872,3215,20
Hawaii,2021-05-03,74,1,1415872,3289,21
Hawaii,2021-05-04,78,0,1415872,3367,21
Hawaii,2021-05-05,62,1,1415872,3429,22
Hawaii,2021-05-06,128,1,1415872,3557,23
Hawaii,2021-05-07,45,0,1415872,3602,23
Hawaii,2021-05-08,198,1,1415872,3800,24
Hawaii,2021-05-09,81,1,1415872,3881,25
Hawaii,2021-05-10,60,0,1415872,3941,25
Hawaii,2021-05-11,62,0,1415872,4003,25
Hawaii,2021-05-12,47,1,1415872,4050,26
Hawaii,2021-05-13,74,0,1415872,4124,26
Hawaii,2021-05-14,140,1,1415872,4264,27
Hawaii,2021-05-15,104,1,1415872,4368,28
Hawaii,2021-05-16,124,1,1415872,4492,29
Hawaii,2021-05-17,73,0,1415872,4565,29
Hawaii,2021-05-18,55,0,1415872,4620,29
Hawaii,2021-05-19,98,0,1415872,4718,29
Hawaii,2021-05-20,80,0,1415872,4798,29
Hawaii,2021-05-21,61,2,1415872,4859,31
Hawaii,2021-05-22,93,0,1415872,4952,31
Hawaii,2021-05-23,48,2,1415872,5000,33
Hawaii,2021-05-24,34,0,1415872,5034,33
Hawaii,2021-05-25,23,0,1415872,5057,33
Hawaii,2021-05-26,50,0,1415872,5107,33
Hawaii,2021-05-27,58,2,1415872,5165,35
Hawaii,2021-05-28,44,0,1415872,5209,35
Hawaii,2021-05-29,48,1,1415872,5257,36
Hawaii,2021-05-30,122,1,1415872,5379,37
Hawaii,2021-05-31,30,0,1415872,5409,37
Hawaii,2021-06-01,56,0,1415872,5465,37
Hawaii,2021-06-02,25,0,1415872,5490,37
Hawaii,2021-06-03,45,1,1415872,5535,38
Hawaii,2021-06-04,69,0,1415872,5604,38
Hawaii,2021-06-05,64,1,1415872,5668,39
Hawaii,2021-06-06,81,3,1415872,5749,42
Hawaii,2021-06-07,33,0,1415872,5782,42
Hawaii,2021-06-08,36,0,1415872,5818,42
Hawaii,2021-06-09,46,0,1415872,5864,42
Hawaii,2021-06-10,62,0,1415872,5926,42
Hawaii,2021-06-11,78,1,1415872,6004,43
Hawaii,2021-06-12,104,0,1415872,6108,43
Hawaii,2021-06-13,36,0,1415872,6144,43
Hawaii,2021-06-14,56,0,1415872,6200,43
Hawaii,2021-06-15,37,0,1415872,6237,43
Hawaii,2021-06-16,30,1,1415872,6267,44
Hawaii,2021-06-17,36,0,1415872,6303,44
Hawaii,2021-06-18,44,3,1415872,6347,47
Hawaii,2021-06-19,70,1,1415872,6417,48
Hawaii,2021-06-20,69,2,1415872,6486,50
Hawaii,2021-06-21,14,0,1415872,6500,50
Hawaii,2021-06-22,20,0,1415872,6520,50
Hawaii,2021-06-23,42,0,1415872,6562,50
Hawaii,2021-06-24,55,0,1415872,6617,50
Hawaii,2021-06-25,48,1,1415872,6665,51
Hawaii,2021-06-26,64,2,1415872,6729,53
Hawaii,2021-06-27,51,0,1415872,6780,53
Hawaii,2021-06-28,22,0,1415872,6802,53
Hawaii,2021-06-29,33,0,1415872,6835,53
Hawaii,2021-06-30,56,1,1415872,6891,54
Hawaii,2021-07-01,49,1,1415872,6940,55
Hawaii,2021-07-02,79,0,1415872,7019,55
Hawaii,2021-07-03,47,0,1415872,7066,55
Hawaii,2021-07-04,62,0,1415872,7128,55
Hawaii,2021-07-05,48,0,1415872,7176,55
Hawaii,2021-07-06,39,0,1415872,7215,55
Hawaii,2021-07-07,39,0,1415872,7254,55
Hawaii,2021-07-08,75,1,1415872,7329,56
Hawaii,2021-07-09,69,0,1415872,7398,56
Hawaii,2021-07-10,114,2,1415872,7512,58
Hawaii,2021-07-11,102,0,1415872,7614,58
Hawaii,2021-07-12,63,0,1415872,7677,58
Hawaii,2021-07-13,61,0,1415872,7738,58
Hawaii,2021-07-14,48,0,1415872,7786,58
Hawaii,2021-07-15,166,1,1415872,7952,59
Hawaii,2021-07-16,147,1,1415872,8099,60
Hawaii,2021-07-17,124,0,1415872,8223,60
Hawaii,2021-07-18,164,0,1415872,8387,60
Hawaii,2021-07-19,132,0,1415872,8519,60
Hawaii,2021-07-20,100,0,1415872,8619,60
Hawaii,2021-07-21,163,1,1415872,8782,61
Hawaii,2021-07-22,243,3,1415872,9025,64
Hawaii,2021-07-23,233,0,1415872,9258,64
Hawaii,2021-07-24,258,0,1415872,9516,64
Hawaii,2021-07-25,276,2,1415872,9792,66
Hawaii,2021-07-26,163,0,1415872,9955,66
Hawaii,2021-07-27,162,0,1415872,10117,66
Hawaii,2021-07-28,85,3,1415872,10202,69
Hawaii,2021-07-29,234,2,1415872,10436,71
Hawaii,2021-07-30,622,3,1415872,11058,74
Hawaii,2021-07-31,485,0,1415872,11543,74
Hawaii,2021-08-01,452,0,1415872,11995,74
Hawaii,2021-08-02,365,0,1415872,12360,74
Hawaii,2021-08-03,389,1,1415872,12749,75
Hawaii,2021-08-04,346,0,1415872,13095,75
Hawaii,2021-08-05,655,0,1415872,13750,75
Hawaii,2021-08-06,628,2,1415872,14378,77
Hawaii,2021-08-07,615,2,1415872,14993,79
Hawaii,2021-08-08,643,0,1415872,15636,79
Hawaii,2021-08-09,437,1,1415872,16073,80
Hawaii,2021-08-10,436,0,1415872,16509,80
Hawaii,2021-08-11,472,2,1415872,16981,82
Hawaii,2021-08-12,549,1,1415872,17530,83
Hawaii,2021-08-13,1167,1,1415872,18697,84
Hawaii,2021-08-14,791,1,1415872,19488,85
Hawaii,2021-08-15,845,4,1415872,20333,89
Hawaii,2021-08-16,539,0,1415872,20872,89
Hawaii,2021-08-17,460,0,1415872,21332,89
Hawaii,2021-08-18,647,2,1415872,21979,91
Hawaii,2021-08-19,752,4,1415872,22731,95
Hawaii,2021-08-20,845,4,1415872,23576,99
Hawaii,2021-08-21,763,1,1415872,24339,100
Hawaii,2021-08-22,893,1,1415872,25232,101
Hawaii,2021-08-23,571,0,1415872,25803,101
Hawaii,2021-08-24,565,1,1415872,26368,102
Hawaii,2021-08-25,512,8,1415872,26880,110
Hawaii,2021-08-26,831,0,1415872,27711,110
Hawaii,2021-08-27,1035,9,1415872,28746,119
Hawaii,2021-08-28,938,5,1415872,29684,124
Hawaii,2021-08-29,1678,2,1415872,31362,126
Hawaii,2021-08-30,720,0,1415872,32082,126
Hawaii,2021-08-31,553,0,1415872,32635,126
Hawaii,2021-09-01,455,13,1415872,33090,139
Hawaii,2021-09-02,1068,4,1415872,34158,143
Hawaii,2021-09-03,865,7,1415872,35023,150
Hawaii,2021-09-04,888,1,1415872,35911,151
Idaho,2021-04-02,284,3,1787065,284,3
Idaho,2021-04-03,0,0,1787065,284,3
Idaho,2021-04-04,0,0,1787065,284,3
Idaho,2021-04-05,655,6,1787065,939,9
Idaho,2021-04-06,346,2,1787065,1285,11
Idaho,2021-04-07,349,6,1787065,1634,17
Idaho,2021-04-08,310,9,1787065,1944,26
Idaho,2021-04-09,312,4,1787065,2256,30
Idaho,2021-04-10,0,0,1787065,2256,30
Idaho,2021-04-11,0,0,1787065,2256,30
Idaho,2021-04-12,538,3,1787065,2794,33
Idaho,2021-04-13,219,4,1787065,3013,37
Idaho,2021-04-14,437,6,1787065,3450,43
Idaho,2021-04-15,210,9,1787065,3660,52
Idaho,2021-04-16,212,2,1787065,3872,54
Idaho,2021-04-17,0,0,1787065,3872,54
Idaho,2021-04-18,0,0,1787065,3872,54
Idaho,2021-04-19,458,5,1787065,4330,59
Idaho,2021-04-20,238,0,1787065,4568,59
Idaho,2021-04-21,294,6,1787065,4862,65
Idaho,2021-04-22,234,0,1787065,5096,65
Idaho,2021-04-23,190,3,1787065,5286,68
Idaho,2021-04-24,0,0,1787065,5286,68
Idaho,2021-04-25,0,0,1787065,5286,68
Idaho,2021-04-26,542,3,1787065,5828,71
Idaho,2021-04-27,289,6,1787065,6117,77
Idaho,2021-04-28,255,5,1787065,6372,82
Idaho,2021-04-29,210,0,1787065,6582,82
Idaho,2021-04-30,177,1,1787065,6759,83
Idaho,2021-05-01,0,0,1787065,6759,83
Idaho,2021-05-02,0,0,1787065,6759,83
Idaho,2021-05-03,368,6,1787065,7127,89
Idaho,2021-05-04,209,0,1787065,7336,89
Idaho,2021-05-05,202,0,1787065,7538,89
Idaho,2021-05-06,166,1,1787065,7704,90
Idaho,2021-05-07,187,8,1787065,7891,98
Idaho,2021-05-08,0,0,1787065,7891,98
Idaho,2021-05-09,0,0,1787065,7891,98
Idaho,2021-05-10,340,0,1787065,8231,98
Idaho,2021-05-11,233,-3,1787065,8464,95
Idaho,2021-05-12,225,6,1787065,8689,101
Idaho,2021-05-13,149,0,1787065,8838,101
Idaho,2021-05-14,173,5,1787065,9011,106
Idaho,2021-05-15,0,0,1787065,9011,106
Idaho,2021-05-16,0,0,1787065,9011,106
Idaho,2021-05-17,371,0,1787065,9382,106
Idaho,2021-05-18,193,4,1787065,9575,110
Idaho,2021-05-19,240,1,1787065,9815,111
Idaho,2021-05-20,188,6,1787065,10003,117
Idaho,2021-05-21,168,0,1787065,10171,117
Idaho,2021-05-22,0,0,1787065,10171,117
Idaho,2021-05-23,0,0,1787065,10171,117
Idaho,2021-05-24,329,6,1787065,10500,123
Idaho,2021-05-25,149,1,1787065,10649,124
Idaho,2021-05-26,192,1,1787065,10841,125
Idaho,2021-05-27,139,2,1787065,10980,127
Idaho,2021-05-28,135,0,1787065,11115,127
Idaho,2021-05-29,0,0,1787065,11115,127
Idaho,2021-05-30,0,0,1787065,11115,127
Idaho,2021-05-31,0,0,1787065,11115,127
Idaho,2021-06-01,293,0,1787065,11408,127
Idaho,2021-06-02,173,7,1787065,11581,134
Idaho,2021-06-03,152,4,1787065,11733,138
Idaho,2021-06-04,165,0,1787065,11898,138
Idaho,2021-06-05,0,0,1787065,11898,138
Idaho,2021-06-06,0,0,1787065,11898,138
Idaho,2021-06-07,235,5,1787065,12133,143
Idaho,2021-06-08,127,-1,1787065,12260,142
Idaho,2021-06-09,138,11,1787065,12398,153
Idaho,2021-06-10,102,0,1787065,12500,153
Idaho,2021-06-11,118,0,1787065,12618,153
Idaho,2021-06-12,0,0,1787065,12618,153
Idaho,2021-06-13,0,0,1787065,12618,153
Idaho,2021-06-14,228,0,1787065,12846,153
Idaho,2021-06-15,89,0,1787065,12935,153
Idaho,2021-06-16,87,6,1787065,13022,159
Idaho,2021-06-17,87,0,1787065,13109,159
Idaho,2021-06-18,0,0,1787065,13109,159
Idaho,2021-06-19,0,0,1787065,13109,159
Idaho,2021-06-20,0,0,1787065,13109,159
Idaho,2021-06-21,243,14,1787065,13352,173
Idaho,2021-06-22,118,4,1787065,13470,177
Idaho,2021-06-23,153,0,1787065,13623,177
Idaho,2021-06-24,89,3,1787065,13712,180
Idaho,2021-06-25,81,2,1787065,13793,182
Idaho,2021-06-26,0,0,1787065,13793,182
Idaho,2021-06-27,0,0,1787065,13793,182
Idaho,2021-06-28,134,0,1787065,13927,182
Idaho,2021-06-29,77,4,1787065,14004,186
Idaho,2021-06-30,97,3,1787065,14101,189
Idaho,2021-07-01,91,2,1787065,14192,191
Idaho,2021-07-02,83,4,1787065,14275,195
Idaho,2021-07-03,0,0,1787065,14275,195
Idaho,2021-07-04,0,0,1787065,14275,195
Idaho,2021-07-05,0,0,1787065,14275,195
Idaho,2021-07-06,257,1,1787065,14532,196
Idaho,2021-07-07,123,3,1787065,14655,199
Idaho,2021-07-08,144,1,1787065,14799,200
Idaho,2021-07-09,135,2,1787065,14934,202
Idaho,2021-07-10,0,0,1787065,14934,202
Idaho,2021-07-11,0,0,1787065,14934,202
Idaho,2021-07-12,297,0,1787065,15231,202
Idaho,2021-07-13,182,0,1787065,15413,202
Idaho,2021-07-14,179,0,1787065,15592,202
Idaho,2021-07-15,206,4,1787065,15798,206
Idaho,2021-07-16,161,4,1787065,15959,210
Idaho,2021-07-17,0,0,1787065,15959,210
Idaho,2021-07-18,0,0,1787065,15959,210
Idaho,2021-07-19,355,3,1787065,16314,213
Idaho,2021-07-20,245,1,1787065,16559,214
Idaho,2021-07-21,325,2,1787065,16884,216
Idaho,2021-07-22,233,1,1787065,17117,217
Idaho,2021-07-23,282,3,1787065,17399,220
Idaho,2021-07-24,0,0,1787065,17399,220
Idaho,2021-07-25,0,0,1787065,17399,220
Idaho,2021-07-26,544,5,1787065,17943,225
Idaho,2021-07-27,318,1,1787065,18261,226
Idaho,2021-07-28,358,1,1787065,18619,227
Idaho,2021-07-29,439,5,1787065,19058,232
Idaho,2021-07-30,529,2,1787065,19587,234
Idaho,2021-07-31,0,0,1787065,19587,234
Idaho,2021-08-01,0,0,1787065,19587,234
Idaho,2021-08-02,868,6,1787065,20455,240
Idaho,2021-08-03,680,6,1787065,21135,246
Idaho,2021-08-04,637,1,1787065,21772,247
Idaho,2021-08-05,743,4,1787065,22515,251
Idaho,2021-08-06,679,3,1787065,23194,254
Idaho,2021-08-07,0,0,1787065,23194,254
Idaho,2021-08-08,0,0,1787065,23194,254
Idaho,2021-08-09,942,7,1787065,24136,261
Idaho,2021-08-10,754,2,1787065,24890,263
Idaho,2021-08-11,736,10,1787065,25626,273
Idaho,2021-08-12,751,0,1787065,26377,273
Idaho,2021-08-13,780,9,1787065,27157,282
Idaho,2021-08-14,0,0,1787065,27157,282
Idaho,2021-08-15,0,0,1787065,27157,282
Idaho,2021-08-16,1357,6,1787065,28514,288
Idaho,2021-08-17,904,7,1787065,29418,295
Idaho,2021-08-18,1217,22,1787065,30635,317
Idaho,2021-08-19,795,1,1787065,31430,318
Idaho,2021-08-20,612,2,1787065,32042,320
Idaho,2021-08-21,0,0,1787065,32042,320
Idaho,2021-08-22,0,0,1787065,32042,320
Idaho,2021-08-23,1071,18,1787065,33113,338
Idaho,2021-08-24,1032,7,1787065,34145,345
Idaho,2021-08-25,1019,8,1787065,35164,353
Idaho,2021-08-26,992,3,1787065,36156,356
Idaho,2021-08-27,834,8,1787065,36990,364
Idaho,2021-08-28,0,0,1787065,36990,364
Idaho,2021-08-29,0,0,1787065,36990,364
Idaho,2021-08-30,2276,4,1787065,39266,368
Idaho,2021-08-31,1226,32,1787065,40492,400
Idaho,2021-09-01,1163,8,1787065,41655,408
Idaho,2021-09-02,1604,8,1787065,43259,416
Idaho,2021-09-03,1388,0,1787065,44647,416
Idaho,2021-09-04,0,0,1787065,44647,416
Illinois,2021-04-02,3235,25,12671821,3235,25
Illinois,2021-04-03,2839,9,12671821,6074,34
Illinois,2021-04-04,2449,19,12671821,8523,53
Illinois,2021-04-05,2102,11,12671821,10625,64
Illinois,2021-04-06,2931,8,12671821,13556,72
Illinois,2021-04-07,3790,29,12671821,17346,101
Illinois,2021-04-08,3739,38,12671821,21085,139
Illinois,2021-04-09,4004,22,12671821,25089,161
Illinois,2021-04-10,3630,15,12671821,28719,176
Illinois,2021-04-11,2942,16,12671821,31661,192
Illinois,2021-04-12,2433,16,12671821,34094,208
Illinois,2021-04-13,3193,17,12671821,37287,225
Illinois,2021-04-14,3536,39,12671821,40823,264
Illinois,2021-04-15,3581,31,12671821,44404,295
Illinois,2021-04-16,3866,24,12671821,48270,319
Illinois,2021-04-17,3194,25,12671821,51464,344
Illinois,2021-04-18,2666,10,12671821,54130,354
Illinois,2021-04-19,1959,21,12671821,56089,375
Illinois,2021-04-20,2587,13,12671821,58676,388
Illinois,2021-04-21,2765,29,12671821,61441,417
Illinois,2021-04-22,3170,38,12671821,64611,455
Illinois,2021-04-23,3369,27,12671821,67980,482
Illinois,2021-04-24,2907,31,12671821,70887,513
Illinois,2021-04-25,2035,25,12671821,72922,538
Illinois,2021-04-26,2137,11,12671821,75059,549
Illinois,2021-04-27,2556,24,12671821,77615,573
Illinois,2021-04-28,2728,37,12671821,80343,610
Illinois,2021-04-29,3394,41,12671821,83737,651
Illinois,2021-04-30,3207,39,12671821,86944,690
Illinois,2021-05-01,2813,39,12671821,89757,729
Illinois,2021-05-02,1860,28,12671821,91617,757
Illinois,2021-05-03,2049,31,12671821,93666,788
Illinois,2021-05-04,2211,21,12671821,95877,809
Illinois,2021-05-05,2410,33,12671821,98287,842
Illinois,2021-05-06,1778,40,12671821,100065,882
Illinois,2021-05-07,3321,41,12671821,103386,923
Illinois,2021-05-08,1729,22,12671821,105115,945
Illinois,2021-05-09,1741,31,12671821,106856,976
Illinois,2021-05-10,1424,13,12671821,108280,989
Illinois,2021-05-11,1562,27,12671821,109842,1016
Illinois,2021-05-12,1795,23,12671821,111637,1039
Illinois,2021-05-13,1918,31,12671821,113555,1070
Illinois,2021-05-14,1841,54,12671821,115396,1124
Illinois,2021-05-15,1513,45,12671821,116909,1169
Illinois,2021-05-16,1248,25,12671821,118157,1194
Illinois,2021-05-17,946,6,12671821,119103,1200
Illinois,2021-05-18,1495,29,12671821,120598,1229
Illinois,2021-05-19,1633,34,12671821,122231,1263
Illinois,2021-05-20,1542,49,12671821,123773,1312
Illinois,2021-05-21,1573,22,12671821,125346,1334
Illinois,2021-05-22,1108,41,12671821,126454,1375
Illinois,2021-05-23,943,25,12671821,127397,1400
Illinois,2021-05-24,933,10,12671821,128330,1410
Illinois,2021-05-25,808,18,12671821,129138,1428
Illinois,2021-05-26,1139,28,12671821,130277,1456
Illinois,2021-05-27,891,44,12671821,131168,1500
Illinois,2021-05-28,982,26,12671821,132150,1526
Illinois,2021-05-29,802,39,12671821,132952,1565
Illinois,2021-05-30,602,19,12671821,133554,1584
Illinois,2021-05-31,521,38,12671821,134075,1622
Illinois,2021-06-01,401,10,12671821,134476,1632
Illinois,2021-06-02,478,8,12671821,134954,1640
Illinois,2021-06-03,674,24,12671821,135628,1664
Illinois,2021-06-04,626,17,12671821,136254,1681
Illinois,2021-06-05,538,32,12671821,136792,1713
Illinois,2021-06-06,342,38,12671821,137134,1751
Illinois,2021-06-07,244,20,12671821,137378,1771
Illinois,2021-06-08,365,14,12671821,137743,1785
Illinois,2021-06-09,408,27,12671821,138151,1812
Illinois,2021-06-10,366,17,12671821,138517,1829
Illinois,2021-06-11,401,22,12671821,138918,1851
Illinois,2021-06-12,268,17,12671821,139186,1868
Illinois,2021-06-13,298,12,12671821,139484,1880
Illinois,2021-06-14,165,9,12671821,139649,1889
Illinois,2021-06-15,226,15,12671821,139875,1904
Illinois,2021-06-16,352,26,12671821,140227,1930
Illinois,2021-06-17,248,21,12671821,140475,1951
Illinois,2021-06-18,102,14,12671821,140577,1965
Illinois,2021-06-19,0,0,12671821,140577,1965
Illinois,2021-06-20,0,0,12671821,140577,1965
Illinois,2021-06-21,755,26,12671821,141332,1991
Illinois,2021-06-22,191,6,12671821,141523,1997
Illinois,2021-06-23,258,8,12671821,141781,2005
Illinois,2021-06-24,248,18,12671821,142029,2023
Illinois,2021-06-25,292,8,12671821,142321,2031
Illinois,2021-06-26,0,0,12671821,142321,2031
Illinois,2021-06-27,0,0,12671821,142321,2031
Illinois,2021-06-28,747,20,12671821,143068,2051
Illinois,2021-06-29,301,4,12671821,143369,2055
Illinois,2021-06-30,259,4,12671821,143628,2059
Illinois,2021-07-01,457,10,12671821,144085,2069
Illinois,2021-07-02,356,8,12671821,144441,2077
Illinois,2021-07-03,0,0,12671821,144441,2077
Illinois,2021-07-04,0,0,12671821,144441,2077
Illinois,2021-07-05,0,0,12671821,144441,2077
Illinois,2021-07-06,1221,27,12671821,145662,2104
Illinois,2021-07-07,462,6,12671821,146124,2110
Illinois,2021-07-08,617,11,12671821,146741,2121
Illinois,2021-07-09,645,8,12671821,147386,2129
Illinois,2021-07-10,0,0,12671821,147386,2129
Illinois,2021-07-11,0,0,12671821,147386,2129
Illinois,2021-07-12,1592,27,12671821,148978,2156
Illinois,2021-07-13,578,12,12671821,149556,2168
Illinois,2021-07-14,743,7,12671821,150299,2175
Illinois,2021-07-15,860,7,12671821,151159,2182
Illinois,2021-07-16,676,7,12671821,151835,2189
Illinois,2021-07-17,0,0,12671821,151835,2189
Illinois,2021-07-18,0,0,12671821,151835,2189
Illinois,2021-07-19,2817,20,12671821,154652,2209
Illinois,2021-07-20,745,6,12671821,155397,2215
Illinois,2021-07-21,958,9,12671821,156355,2224
Illinois,2021-07-22,1993,6,12671821,158348,2230
Illinois,2021-07-23,1470,3,12671821,159818,2233
Illinois,2021-07-24,0,0,12671821,159818,2233
Illinois,2021-07-25,0,0,12671821,159818,2233
Illinois,2021-07-26,3892,8,12671821,163710,2241
Illinois,2021-07-27,1669,5,12671821,165379,2246
Illinois,2021-07-28,2082,6,12671821,167461,2252
Illinois,2021-07-29,1691,12,12671821,169152,2264
Illinois,2021-07-30,2348,8,12671821,171500,2272
Illinois,2021-07-31,0,0,12671821,171500,2272
Illinois,2021-08-01,0,0,12671821,171500,2272
Illinois,2021-08-02,5608,11,12671821,177108,2283
Illinois,2021-08-03,2682,7,12671821,179790,2290
Illinois,2021-08-04,2364,18,12671821,182154,2308
Illinois,2021-08-05,3048,14,12671821,185202,2322
Illinois,2021-08-06,3040,13,12671821,188242,2335
Illinois,2021-08-07,0,0,12671821,188242,2335
Illinois,2021-08-08,0,0,12671821,188242,2335
Illinois,2021-08-09,7858,29,12671821,196100,2364
Illinois,2021-08-10,2950,10,12671821,199050,2374
Illinois,2021-08-11,3933,9,12671821,202983,2383
Illinois,2021-08-12,3114,24,12671821,206097,2407
Illinois,2021-08-13,3479,19,12671821,209576,2426
Illinois,2021-08-14,0,0,12671821,209576,2426
Illinois,2021-08-15,0,0,12671821,209576,2426
Illinois,2021-08-16,9126,30,12671821,218702,2456
Illinois,2021-08-17,3639,16,12671821,222341,2472
Illinois,2021-08-18,3833,45,12671821,226174,2517
Illinois,2021-08-19,3180,14,12671821,229354,2531
Illinois,2021-08-20,4904,18,12671821,234258,2549
Illinois,2021-08-21,0,0,12671821,234258,2549
Illinois,2021-08-22,0,0,12671821,234258,2549
Illinois,2021-08-23,9213,44,12671821,243471,2593
Illinois,2021-08-24,2989,15,12671821,246460,2608
Illinois,2021-08-25,4451,40,12671821,250911,2648
Illinois,2021-08-26,4041,59,12671821,254952,2707
Illinois,2021-08-27,4942,14,12671821,259894,2721
Illinois,2021-08-28,0,0,12671821,259894,2721
Illinois,2021-08-29,0,0,12671821,259894,2721
Illinois,2021-08-30,10066,38,12671821,269960,2759
Illinois,2021-08-31,4871,26,12671821,274831,2785
Illinois,2021-09-01,5178,26,12671821,280009,2811
Illinois,2021-09-02,4224,51,12671821,284233,2862
Illinois,2021-09-03,5980,37,12671821,290213,2899
Illinois,2021-09-04,0,0,12671821,290213,2899
Indiana,2021-04-02,1203,21,6732219,1203,21
Indiana,2021-04-03,1049,5,6732219,2252,26
Indiana,2021-04-04,945,0,6732219,3197,26
Indiana,2021-04-05,715,1,6732219,3912,27
Indiana,2021-04-06,615,9,6732219,4527,36
Indiana,2021-04-07,1212,15,6732219,5739,51
Indiana,2021-04-08,1384,15,6732219,7123,66
Indiana,2021-04-09,1339,17,6732219,8462,83
Indiana,2021-04-10,1358,7,6732219,9820,90
Indiana,2021-04-11,1159,10,6732219,10979,100
Indiana,2021-04-12,1131,3,6732219,12110,103
Indiana,2021-04-13,952,16,6732219,13062,119
Indiana,2021-04-14,1196,20,6732219,14258,139
Indiana,2021-04-15,1374,7,6732219,15632,146
Indiana,2021-04-16,1287,17,6732219,16919,163
Indiana,2021-04-17,2479,5,6732219,19398,168
Indiana,2021-04-18,956,8,6732219,20354,176
Indiana,2021-04-19,712,2,6732219,21066,178
Indiana,2021-04-20,676,8,6732219,21742,186
Indiana,2021-04-21,1152,14,6732219,22894,200
Indiana,2021-04-22,1180,4,6732219,24074,204
Indiana,2021-04-23,1071,4,6732219,25145,208
Indiana,2021-04-24,1101,15,6732219,26246,223
Indiana,2021-04-25,827,3,6732219,27073,226
Indiana,2021-04-26,682,6,6732219,27755,232
Indiana,2021-04-27,838,13,6732219,28593,245
Indiana,2021-04-28,1258,19,6732219,29851,264
Indiana,2021-04-29,1384,12,6732219,31235,276
Indiana,2021-04-30,1477,8,6732219,32712,284
Indiana,2021-05-01,1152,6,6732219,33864,290
Indiana,2021-05-02,1069,11,6732219,34933,301
Indiana,2021-05-03,797,1,6732219,35730,302
Indiana,2021-05-04,771,13,6732219,36501,315
Indiana,2021-05-05,1139,10,6732219,37640,325
Indiana,2021-05-06,1247,6,6732219,38887,331
Indiana,2021-05-07,1164,18,6732219,40051,349
Indiana,2021-05-08,1047,8,6732219,41098,357
Indiana,2021-05-09,905,13,6732219,42003,370
Indiana,2021-05-10,590,1,6732219,42593,371
Indiana,2021-05-11,663,15,6732219,43256,386
Indiana,2021-05-12,841,11,6732219,44097,397
Indiana,2021-05-13,882,5,6732219,44979,402
Indiana,2021-05-14,899,16,6732219,45878,418
Indiana,2021-05-15,1145,5,6732219,47023,423
Indiana,2021-05-16,726,9,6732219,47749,432
Indiana,2021-05-17,537,6,6732219,48286,438
Indiana,2021-05-18,481,21,6732219,48767,459
Indiana,2021-05-19,802,11,6732219,49569,470
Indiana,2021-05-20,891,7,6732219,50460,477
Indiana,2021-05-21,788,22,6732219,51248,499
Indiana,2021-05-22,665,6,6732219,51913,505
Indiana,2021-05-23,563,0,6732219,52476,505
Indiana,2021-05-24,375,1,6732219,52851,506
Indiana,2021-05-25,489,12,6732219,53340,518
Indiana,2021-05-26,644,5,6732219,53984,523
Indiana,2021-05-27,656,12,6732219,54640,535
Indiana,2021-05-28,557,13,6732219,55197,548
Indiana,2021-05-29,428,19,6732219,55625,567
Indiana,2021-05-30,358,5,6732219,55983,572
Indiana,2021-05-31,0,0,6732219,55983,572
Indiana,2021-06-01,517,8,6732219,56500,580
Indiana,2021-06-02,261,9,6732219,56761,589
Indiana,2021-06-03,1216,20,6732219,57977,609
Indiana,2021-06-04,445,4,6732219,58422,613
Indiana,2021-06-05,419,24,6732219,58841,637
Indiana,2021-06-06,0,0,6732219,58841,637
Indiana,2021-06-07,529,2,6732219,59370,639
Indiana,2021-06-08,364,9,6732219,59734,648
Indiana,2021-06-09,352,12,6732219,60086,660
Indiana,2021-06-10,460,2,6732219,60546,662
Indiana,2021-06-11,395,4,6732219,60941,666
Indiana,2021-06-12,443,31,6732219,61384,697
Indiana,2021-06-13,0,0,6732219,61384,697
Indiana,2021-06-14,435,1,6732219,61819,698
Indiana,2021-06-15,303,6,6732219,62122,704
Indiana,2021-06-16,335,11,6732219,62457,715
Indiana,2021-06-17,262,1,6732219,62719,716
Indiana,2021-06-18,270,2,6732219,62989,718
Indiana,2021-06-19,540,29,6732219,63529,747
Indiana,2021-06-20,0,0,6732219,63529,747
Indiana,2021-06-21,284,4,6732219,63813,751
Indiana,2021-06-22,300,12,6732219,64113,763
Indiana,2021-06-23,282,5,6732219,64395,768
Indiana,2021-06-24,287,3,6732219,64682,771
Indiana,2021-06-25,304,3,6732219,64986,774
Indiana,2021-06-26,0,0,6732219,64986,774
Indiana,2021-06-27,0,0,6732219,64986,774
Indiana,2021-06-28,561,14,6732219,65547,788
Indiana,2021-06-29,268,8,6732219,65815,796
Indiana,2021-06-30,399,6,6732219,66214,802
Indiana,2021-07-01,390,5,6732219,66604,807
Indiana,2021-07-02,407,8,6732219,67011,815
Indiana,2021-07-03,0,0,6732219,67011,815
Indiana,2021-07-04,0,0,6732219,67011,815
Indiana,2021-07-05,0,0,6732219,67011,815
Indiana,2021-07-06,976,21,6732219,67987,836
Indiana,2021-07-07,370,8,6732219,68357,844
Indiana,2021-07-08,555,17,6732219,68912,861
Indiana,2021-07-09,437,5,6732219,69349,866
Indiana,2021-07-10,0,0,6732219,69349,866
Indiana,2021-07-11,0,0,6732219,69349,866
Indiana,2021-07-12,842,9,6732219,70191,875
Indiana,2021-07-13,575,10,6732219,70766,885
Indiana,2021-07-14,583,5,6732219,71349,890
Indiana,2021-07-15,556,1,6732219,71905,891
Indiana,2021-07-16,545,1,6732219,72450,892
Indiana,2021-07-17,0,0,6732219,72450,892
Indiana,2021-07-18,0,0,6732219,72450,892
Indiana,2021-07-19,1309,12,6732219,73759,904
Indiana,2021-07-20,655,6,6732219,74414,910
Indiana,2021-07-21,710,6,6732219,75124,916
Indiana,2021-07-22,851,-1,6732219,75975,915
Indiana,2021-07-23,760,2,6732219,76735,917
Indiana,2021-07-24,0,0,6732219,76735,917
Indiana,2021-07-25,0,0,6732219,76735,917
Indiana,2021-07-26,1903,0,6732219,78638,917
Indiana,2021-07-27,1058,15,6732219,79696,932
Indiana,2021-07-28,1215,13,6732219,80911,945
Indiana,2021-07-29,1251,6,6732219,82162,951
Indiana,2021-07-30,1424,6,6732219,83586,957
Indiana,2021-07-31,0,0,6732219,83586,957
Indiana,2021-08-01,0,0,6732219,83586,957
Indiana,2021-08-02,2798,7,6732219,86384,964
Indiana,2021-08-03,1589,13,6732219,87973,977
Indiana,2021-08-04,1731,14,6732219,89704,991
Indiana,2021-08-05,1900,6,6732219,91604,997
Indiana,2021-08-06,2009,9,6732219,93613,1006
Indiana,2021-08-07,0,0,6732219,93613,1006
Indiana,2021-08-08,0,0,6732219,93613,1006
Indiana,2021-08-09,4946,10,6732219,98559,1016
Indiana,2021-08-10,2196,27,6732219,100755,1043
Indiana,2021-08-11,2458,19,6732219,103213,1062
Indiana,2021-08-12,3151,6,6732219,106364,1068
Indiana,2021-08-13,2656,12,6732219,109020,1080
Indiana,2021-08-14,0,0,6732219,109020,1080
Indiana,2021-08-15,0,0,6732219,109020,1080
Indiana,2021-08-16,6670,16,6732219,115690,1096
Indiana,2021-08-17,2691,29,6732219,118381,1125
Indiana,2021-08-18,3451,25,6732219,121832,1150
Indiana,2021-08-19,3501,16,6732219,125333,1166
Indiana,2021-08-20,4103,14,6732219,129436,1180
Indiana,2021-08-21,0,0,6732219,129436,1180
Indiana,2021-08-22,0,0,6732219,129436,1180
Indiana,2021-08-23,8400,35,6732219,137836,1215
Indiana,2021-08-24,3461,57,6732219,141297,1272
Indiana,2021-08-25,4958,20,6732219,146255,1292
Indiana,2021-08-26,4901,12,6732219,151156,1304
Indiana,2021-08-27,4831,21,6732219,155987,1325
Indiana,2021-08-28,0,0,6732219,155987,1325
Indiana,2021-08-29,0,0,6732219,155987,1325
Indiana,2021-08-30,11331,46,6732219,167318,1371
Indiana,2021-08-31,3535,72,6732219,170853,1443
Indiana,2021-09-01,4733,29,6732219,175586,1472
Indiana,2021-09-02,5152,25,6732219,180738,1497
Indiana,2021-09-03,5029,25,6732219,185767,1522
Indiana,2021-09-04,0,0,6732219,185767,1522
Iowa,2021-04-02,577,3,3155070,577,3
Iowa,2021-04-03,493,68,3155070,1070,71
Iowa,2021-04-04,155,0,3155070,1225,71
Iowa,2021-04-05,467,0,3155070,1692,71
Iowa,2021-04-06,728,13,3155070,2420,84
Iowa,2021-04-07,272,1,3155070,2692,85
Iowa,2021-04-08,625,7,3155070,3317,92
Iowa,2021-04-09,619,6,3155070,3936,98
Iowa,2021-04-10,750,8,3155070,4686,106
Iowa,2021-04-11,196,0,3155070,4882,106
Iowa,2021-04-12,178,0,3155070,5060,106
Iowa,2021-04-13,542,0,3155070,5602,106
Iowa,2021-04-14,656,0,3155070,6258,106
Iowa,2021-04-15,478,13,3155070,6736,119
Iowa,2021-04-16,387,8,3155070,7123,127
Iowa,2021-04-17,505,3,3155070,7628,130
Iowa,2021-04-18,289,0,3155070,7917,130
Iowa,2021-04-19,291,5,3155070,8208,135
Iowa,2021-04-20,439,7,3155070,8647,142
Iowa,2021-04-21,639,6,3155070,9286,148
Iowa,2021-04-22,477,5,3155070,9763,153
Iowa,2021-04-23,434,3,3155070,10197,156
Iowa,2021-04-24,395,20,3155070,10592,176
Iowa,2021-04-25,195,0,3155070,10787,176
Iowa,2021-04-26,238,0,3155070,11025,176
Iowa,2021-04-27,368,3,3155070,11393,179
Iowa,2021-04-28,506,1,3155070,11899,180
Iowa,2021-04-29,450,0,3155070,12349,180
Iowa,2021-04-30,358,19,3155070,12707,199
Iowa,2021-05-01,385,2,3155070,13092,201
Iowa,2021-05-02,295,7,3155070,13387,208
Iowa,2021-05-03,230,0,3155070,13617,208
Iowa,2021-05-04,377,1,3155070,13994,209
Iowa,2021-05-05,439,2,3155070,14433,211
Iowa,2021-05-06,389,18,3155070,14822,229
Iowa,2021-05-07,341,3,3155070,15163,232
Iowa,2021-05-08,264,1,3155070,15427,233
Iowa,2021-05-09,153,1,3155070,15580,234
Iowa,2021-05-10,195,0,3155070,15775,234
Iowa,2021-05-11,280,4,3155070,16055,238
Iowa,2021-05-12,374,5,3155070,16429,243
Iowa,2021-05-13,256,3,3155070,16685,246
Iowa,2021-05-14,235,1,3155070,16920,247
Iowa,2021-05-15,175,2,3155070,17095,249
Iowa,2021-05-16,138,6,3155070,17233,255
Iowa,2021-05-17,124,0,3155070,17357,255
Iowa,2021-05-18,199,7,3155070,17556,262
Iowa,2021-05-19,291,5,3155070,17847,267
Iowa,2021-05-20,210,7,3155070,18057,274
Iowa,2021-05-21,169,10,3155070,18226,284
Iowa,2021-05-22,156,0,3155070,18382,284
Iowa,2021-05-23,109,0,3155070,18491,284
Iowa,2021-05-24,91,0,3155070,18582,284
Iowa,2021-05-25,154,3,3155070,18736,287
Iowa,2021-05-26,158,6,3155070,18894,293
Iowa,2021-05-27,112,3,3155070,19006,296
Iowa,2021-05-28,110,6,3155070,19116,302
Iowa,2021-05-29,78,2,3155070,19194,304
Iowa,2021-05-30,51,0,3155070,19245,304
Iowa,2021-05-31,42,0,3155070,19287,304
Iowa,2021-06-01,54,2,3155070,19341,306
Iowa,2021-06-02,162,4,3155070,19503,310
Iowa,2021-06-03,125,4,3155070,19628,314
Iowa,2021-06-04,97,2,3155070,19725,316
Iowa,2021-06-05,94,1,3155070,19819,317
Iowa,2021-06-06,68,4,3155070,19887,321
Iowa,2021-06-07,40,1,3155070,19927,322
Iowa,2021-06-08,92,5,3155070,20019,327
Iowa,2021-06-09,92,6,3155070,20111,333
Iowa,2021-06-10,83,11,3155070,20194,344
Iowa,2021-06-11,107,2,3155070,20301,346
Iowa,2021-06-12,85,2,3155070,20386,348
Iowa,2021-06-13,57,3,3155070,20443,351
Iowa,2021-06-14,70,0,3155070,20513,351
Iowa,2021-06-15,101,1,3155070,20614,352
Iowa,2021-06-16,85,6,3155070,20699,358
Iowa,2021-06-17,74,0,3155070,20773,358
Iowa,2021-06-18,75,0,3155070,20848,358
Iowa,2021-06-19,62,3,3155070,20910,361
Iowa,2021-06-20,51,2,3155070,20961,363
Iowa,2021-06-21,44,0,3155070,21005,363
Iowa,2021-06-22,81,3,3155070,21086,366
Iowa,2021-06-23,92,3,3155070,21178,369
Iowa,2021-06-24,56,4,3155070,21234,373
Iowa,2021-06-25,79,1,3155070,21313,374
Iowa,2021-06-26,82,6,3155070,21395,380
Iowa,2021-06-27,51,2,3155070,21446,382
Iowa,2021-06-28,53,0,3155070,21499,382
Iowa,2021-06-29,103,1,3155070,21602,383
Iowa,2021-06-30,122,4,3155070,21724,387
Iowa,2021-07-01,99,2,3155070,21823,389
Iowa,2021-07-02,94,2,3155070,21917,391
Iowa,2021-07-03,66,4,3155070,21983,395
Iowa,2021-07-04,60,0,3155070,22043,395
Iowa,2021-07-05,27,0,3155070,22070,395
Iowa,2021-07-06,77,2,3155070,22147,397
Iowa,2021-07-07,1044,1,3155070,23191,398
Iowa,2021-07-08,-947,0,3155070,22244,398
Iowa,2021-07-09,246,0,3155070,22490,398
Iowa,2021-07-10,0,0,3155070,22490,398
Iowa,2021-07-11,0,0,3155070,22490,398
Iowa,2021-07-12,0,0,3155070,22490,398
Iowa,2021-07-13,0,0,3155070,22490,398
Iowa,2021-07-14,651,9,3155070,23141,407
Iowa,2021-07-15,0,0,3155070,23141,407
Iowa,2021-07-16,0,0,3155070,23141,407
Iowa,2021-07-17,0,0,3155070,23141,407
Iowa,2021-07-18,0,0,3155070,23141,407
Iowa,2021-07-19,0,0,3155070,23141,407
Iowa,2021-07-20,0,0,3155070,23141,407
Iowa,2021-07-21,1395,12,3155070,24536,419
Iowa,2021-07-22,0,0,3155070,24536,419
Iowa,2021-07-23,0,0,3155070,24536,419
Iowa,2021-07-24,0,0,3155070,24536,419
Iowa,2021-07-25,0,0,3155070,24536,419
Iowa,2021-07-26,0,0,3155070,24536,419
Iowa,2021-07-27,0,0,3155070,24536,419
Iowa,2021-07-28,2158,13,3155070,26694,432
Iowa,2021-07-29,0,0,3155070,26694,432
Iowa,2021-07-30,0,0,3155070,26694,432
Iowa,2021-07-31,0,0,3155070,26694,432
Iowa,2021-08-01,0,0,3155070,26694,432
Iowa,2021-08-02,0,0,3155070,26694,432
Iowa,2021-08-03,0,0,3155070,26694,432
Iowa,2021-08-04,3570,10,3155070,30264,442
Iowa,2021-08-05,0,0,3155070,30264,442
Iowa,2021-08-06,0,0,3155070,30264,442
Iowa,2021-08-07,0,0,3155070,30264,442
Iowa,2021-08-08,0,0,3155070,30264,442
Iowa,2021-08-09,0,0,3155070,30264,442
Iowa,2021-08-10,0,0,3155070,30264,442
Iowa,2021-08-11,4872,17,3155070,35136,459
Iowa,2021-08-12,0,0,3155070,35136,459
Iowa,2021-08-13,0,0,3155070,35136,459
Iowa,2021-08-14,0,0,3155070,35136,459
Iowa,2021-08-15,0,0,3155070,35136,459
Iowa,2021-08-16,0,0,3155070,35136,459
Iowa,2021-08-17,0,0,3155070,35136,459
Iowa,2021-08-18,5697,16,3155070,40833,475
Iowa,2021-08-19,0,0,3155070,40833,475
Iowa,2021-08-20,0,0,3155070,40833,475
Iowa,2021-08-21,0,0,3155070,40833,475
Iowa,2021-08-22,0,0,3155070,40833,475
Iowa,2021-08-23,0,0,3155070,40833,475
Iowa,2021-08-24,0,0,3155070,40833,475
Iowa,2021-08-25,7112,42,3155070,47945,517
Iowa,2021-08-26,0,0,3155070,47945,517
Iowa,2021-08-27,0,0,3155070,47945,517
Iowa,2021-08-28,0,0,3155070,47945,517
Iowa,2021-08-29,0,0,3155070,47945,517
Iowa,2021-08-30,0,0,3155070,47945,517
Iowa,2021-08-31,0,0,3155070,47945,517
Iowa,2021-09-01,8308,39,3155070,56253,556
Iowa,2021-09-02,0,0,3155070,56253,556
Iowa,2021-09-03,0,0,3155070,56253,556
Iowa,2021-09-04,0,0,3155070,56253,556
Kansas,2021-04-02,467,19,2913314,467,19
Kansas,2021-04-03,0,0,2913314,467,19
Kansas,2021-04-04,0,0,2913314,467,19
Kansas,2021-04-05,355,-5,2913314,822,14
Kansas,2021-04-06,9,0,2913314,831,14
Kansas,2021-04-07,530,5,2913314,1361,19
Kansas,2021-04-08,22,0,2913314,1383,19
Kansas,2021-04-09,428,6,2913314,1811,25
Kansas,2021-04-10,0,0,2913314,1811,25
Kansas,2021-04-11,0,0,2913314,1811,25
Kansas,2021-04-12,489,-8,2913314,2300,17
Kansas,2021-04-13,1,0,2913314,2301,17
Kansas,2021-04-14,623,13,2913314,2924,30
Kansas,2021-04-15,2,0,2913314,2926,30
Kansas,2021-04-16,519,9,2913314,3445,39
Kansas,2021-04-17,0,0,2913314,3445,39
Kansas,2021-04-18,0,0,2913314,3445,39
Kansas,2021-04-19,409,2,2913314,3854,41
Kansas,2021-04-20,0,0,2913314,3854,41
Kansas,2021-04-21,583,6,2913314,4437,47
Kansas,2021-04-22,6,0,2913314,4443,47
Kansas,2021-04-23,478,7,2913314,4921,54
Kansas,2021-04-24,0,0,2913314,4921,54
Kansas,2021-04-25,0,0,2913314,4921,54
Kansas,2021-04-26,488,2,2913314,5409,56
Kansas,2021-04-27,0,0,2913314,5409,56
Kansas,2021-04-28,640,15,2913314,6049,71
Kansas,2021-04-29,3,0,2913314,6052,71
Kansas,2021-04-30,586,4,2913314,6638,75
Kansas,2021-05-01,0,0,2913314,6638,75
Kansas,2021-05-02,0,0,2913314,6638,75
Kansas,2021-05-03,508,3,2913314,7146,78
Kansas,2021-05-04,0,0,2913314,7146,78
Kansas,2021-05-05,494,14,2913314,7640,92
Kansas,2021-05-06,3,0,2913314,7643,92
Kansas,2021-05-07,445,17,2913314,8088,109
Kansas,2021-05-08,0,0,2913314,8088,109
Kansas,2021-05-09,0,0,2913314,8088,109
Kansas,2021-05-10,351,0,2913314,8439,109
Kansas,2021-05-11,0,0,2913314,8439,109
Kansas,2021-05-12,400,13,2913314,8839,122
Kansas,2021-05-13,38,0,2913314,8877,122
Kansas,2021-05-14,353,9,2913314,9230,131
Kansas,2021-05-15,0,0,2913314,9230,131
Kansas,2021-05-16,0,0,2913314,9230,131
Kansas,2021-05-17,365,2,2913314,9595,133
Kansas,2021-05-18,2,0,2913314,9597,133
Kansas,2021-05-19,499,13,2913314,10096,146
Kansas,2021-05-20,28,0,2913314,10124,146
Kansas,2021-05-21,396,4,2913314,10520,150
Kansas,2021-05-22,0,0,2913314,10520,150
Kansas,2021-05-23,0,0,2913314,10520,150
Kansas,2021-05-24,275,1,2913314,10795,151
Kansas,2021-05-25,0,0,2913314,10795,151
Kansas,2021-05-26,352,9,2913314,11147,160
Kansas,2021-05-27,1,0,2913314,11148,160
Kansas,2021-05-28,221,9,2913314,11369,169
Kansas,2021-05-29,0,0,2913314,11369,169
Kansas,2021-05-30,0,0,2913314,11369,169
Kansas,2021-05-31,0,0,2913314,11369,169
Kansas,2021-06-01,3,0,2913314,11372,169
Kansas,2021-06-02,433,4,2913314,11805,173
Kansas,2021-06-03,0,0,2913314,11805,173
Kansas,2021-06-04,292,4,2913314,12097,177
Kansas,2021-06-05,0,0,2913314,12097,177
Kansas,2021-06-06,0,0,2913314,12097,177
Kansas,2021-06-07,209,16,2913314,12306,193
Kansas,2021-06-08,4,0,2913314,12310,193
Kansas,2021-06-09,385,3,2913314,12695,196
Kansas,2021-06-10,0,0,2913314,12695,196
Kansas,2021-06-11,229,3,2913314,12924,199
Kansas,2021-06-12,0,0,2913314,12924,199
Kansas,2021-06-13,0,0,2913314,12924,199
Kansas,2021-06-14,233,18,2913314,13157,217
Kansas,2021-06-15,0,0,2913314,13157,217
Kansas,2021-06-16,319,3,2913314,13476,220
Kansas,2021-06-17,2,0,2913314,13478,220
Kansas,2021-06-18,170,1,2913314,13648,221
Kansas,2021-06-19,0,0,2913314,13648,221
Kansas,2021-06-20,0,0,2913314,13648,221
Kansas,2021-06-21,146,0,2913314,13794,221
Kansas,2021-06-22,0,0,2913314,13794,221
Kansas,2021-06-23,341,10,2913314,14135,231
Kansas,2021-06-24,0,0,2913314,14135,231
Kansas,2021-06-25,255,8,2913314,14390,239
Kansas,2021-06-26,0,0,2913314,14390,239
Kansas,2021-06-27,0,0,2913314,14390,239
Kansas,2021-06-28,337,3,2913314,14727,242
Kansas,2021-06-29,1,0,2913314,14728,242
Kansas,2021-06-30,435,6,2913314,15163,248
Kansas,2021-07-01,24,0,2913314,15187,248
Kansas,2021-07-02,392,2,2913314,15579,250
Kansas,2021-07-03,0,0,2913314,15579,250
Kansas,2021-07-04,0,0,2913314,15579,250
Kansas,2021-07-05,0,0,2913314,15579,250
Kansas,2021-07-06,11,0,2913314,15590,250
Kansas,2021-07-07,1029,7,2913314,16619,257
Kansas,2021-07-08,20,1,2913314,16639,258
Kansas,2021-07-09,812,10,2913314,17451,268
Kansas,2021-07-10,0,0,2913314,17451,268
Kansas,2021-07-11,0,0,2913314,17451,268
Kansas,2021-07-12,662,12,2913314,18113,280
Kansas,2021-07-13,0,0,2913314,18113,280
Kansas,2021-07-14,133,1,2913314,18246,281
Kansas,2021-07-15,1094,8,2913314,19340,289
Kansas,2021-07-16,1065,4,2913314,20405,293
Kansas,2021-07-17,0,0,2913314,20405,293
Kansas,2021-07-18,8,-3,2913314,20413,290
Kansas,2021-07-19,809,1,2913314,21222,291
Kansas,2021-07-20,0,0,2913314,21222,291
Kansas,2021-07-21,32,0,2913314,21254,291
Kansas,2021-07-22,1458,20,2913314,22712,311
Kansas,2021-07-23,1511,22,2913314,24223,333
Kansas,2021-07-24,0,0,2913314,24223,333
Kansas,2021-07-25,0,0,2913314,24223,333
Kansas,2021-07-26,1498,4,2913314,25721,337
Kansas,2021-07-27,0,126,2913314,25721,463
Kansas,2021-07-28,206,-122,2913314,25927,341
Kansas,2021-07-29,2053,4,2913314,27980,345
Kansas,2021-07-30,1908,8,2913314,29888,353
Kansas,2021-07-31,0,0,2913314,29888,353
Kansas,2021-08-01,0,0,2913314,29888,353
Kansas,2021-08-02,76,0,2913314,29964,353
Kansas,2021-08-03,0,0,2913314,29964,353
Kansas,2021-08-04,199,3,2913314,30163,356
Kansas,2021-08-05,4187,28,2913314,34350,384
Kansas,2021-08-06,2179,13,2913314,36529,397
Kansas,2021-08-07,0,0,2913314,36529,397
Kansas,2021-08-08,0,0,2913314,36529,397
Kansas,2021-08-09,2712,22,2913314,39241,419
Kansas,2021-08-10,0,0,2913314,39241,419
Kansas,2021-08-11,2707,35,2913314,41948,454
Kansas,2021-08-12,0,0,2913314,41948,454
Kansas,2021-08-13,2940,29,2913314,44888,483
Kansas,2021-08-14,0,0,2913314,44888,483
Kansas,2021-08-15,0,0,2913314,44888,483
Kansas,2021-08-16,2506,9,2913314,47394,492
Kansas,2021-08-17,10,0,2913314,47404,492
Kansas,2021-08-18,124,0,2913314,47528,492
Kansas,2021-08-19,19,0,2913314,47547,492
Kansas,2021-08-20,5495,98,2913314,53042,590
Kansas,2021-08-21,52,0,2913314,53094,590
Kansas,2021-08-22,0,0,2913314,53094,590
Kansas,2021-08-23,121,0,2913314,53215,590
Kansas,2021-08-24,2679,3,2913314,55894,593
Kansas,2021-08-25,3463,37,2913314,59357,630
Kansas,2021-08-26,37,0,2913314,59394,630
Kansas,2021-08-27,3312,12,2913314,62706,642
Kansas,2021-08-28,78,0,2913314,62784,642
Kansas,2021-08-29,0,0,2913314,62784,642
Kansas,2021-08-30,3144,10,2913314,65928,652
Kansas,2021-08-31,26,0,2913314,65954,652
Kansas,2021-09-01,4206,24,2913314,70160,676
Kansas,2021-09-02,26,1,2913314,70186,677
Kansas,2021-09-03,3932,50,2913314,74118,727
Kansas,2021-09-04,0,0,2913314,74118,727
Kentucky,2021-04-02,685,21,4467673,685,21
Kentucky,2021-04-03,579,20,4467673,1264,41
Kentucky,2021-04-04,0,0,4467673,1264,41
Kentucky,2021-04-05,405,22,4467673,1669,63
Kentucky,2021-04-06,330,13,4467673,1999,76
Kentucky,2021-04-07,1019,14,4467673,3018,90
Kentucky,2021-04-08,627,16,4467673,3645,106
Kentucky,2021-04-09,733,9,4467673,4378,115
Kentucky,2021-04-10,500,18,4467673,4878,133
Kentucky,2021-04-11,365,9,4467673,5243,142
Kentucky,2021-04-12,267,7,4467673,5510,149
Kentucky,2021-04-13,796,4,4467673,6306,153
Kentucky,2021-04-14,774,24,4467673,7080,177
Kentucky,2021-04-15,821,17,4467673,7901,194
Kentucky,2021-04-16,702,15,4467673,8603,209
Kentucky,2021-04-17,592,13,4467673,9195,222
Kentucky,2021-04-18,275,8,4467673,9470,230
Kentucky,2021-04-19,231,9,4467673,9701,239
Kentucky,2021-04-20,604,13,4467673,10305,252
Kentucky,2021-04-21,780,13,4467673,11085,265
Kentucky,2021-04-22,624,8,4467673,11709,273
Kentucky,2021-04-23,598,22,4467673,12307,295
Kentucky,2021-04-24,482,33,4467673,12789,328
Kentucky,2021-04-25,324,13,4467673,13113,341
Kentucky,2021-04-26,211,10,4467673,13324,351
Kentucky,2021-04-27,714,17,4467673,14038,368
Kentucky,2021-04-28,738,9,4467673,14776,377
Kentucky,2021-04-29,790,12,4467673,15566,389
Kentucky,2021-04-30,719,4,4467673,16285,393
Kentucky,2021-05-01,644,12,4467673,16929,405
Kentucky,2021-05-02,368,4,4467673,17297,409
Kentucky,2021-05-03,310,8,4467673,17607,417
Kentucky,2021-05-04,772,7,4467673,18379,424
Kentucky,2021-05-05,708,10,4467673,19087,434
Kentucky,2021-05-06,653,6,4467673,19740,440
Kentucky,2021-05-07,633,11,4467673,20373,451
Kentucky,2021-05-08,542,19,4467673,20915,470
Kentucky,2021-05-09,195,8,4467673,21110,478
Kentucky,2021-05-10,155,11,4467673,21265,489
Kentucky,2021-05-11,757,23,4467673,22022,512
Kentucky,2021-05-12,677,10,4467673,22699,522
Kentucky,2021-05-13,672,7,4467673,23371,529
Kentucky,2021-05-14,553,6,4467673,23924,535
Kentucky,2021-05-15,484,5,4467673,24408,540
Kentucky,2021-05-16,287,8,4467673,24695,548
Kentucky,2021-05-17,284,6,4467673,24979,554
Kentucky,2021-05-18,639,11,4467673,25618,565
Kentucky,2021-05-19,584,5,4467673,26202,570
Kentucky,2021-05-20,565,15,4467673,26767,585
Kentucky,2021-05-21,541,5,4467673,27308,590
Kentucky,2021-05-22,425,7,4467673,27733,597
Kentucky,2021-05-23,215,11,4467673,27948,608
Kentucky,2021-05-24,263,4,4467673,28211,612
Kentucky,2021-05-25,573,5,4467673,28784,617
Kentucky,2021-05-26,436,19,4467673,29220,636
Kentucky,2021-05-27,420,4,4467673,29640,640
Kentucky,2021-05-28,410,10,4467673,30050,650
Kentucky,2021-05-29,383,24,4467673,30433,674
Kentucky,2021-05-30,0,0,4467673,30433,674
Kentucky,2021-05-31,0,0,4467673,30433,674
Kentucky,2021-06-01,437,285,4467673,30870,959
Kentucky,2021-06-02,412,4,4467673,31282,963
Kentucky,2021-06-03,416,6,4467673,31698,969
Kentucky,2021-06-04,509,9,4467673,32207,978
Kentucky,2021-06-05,363,5,4467673,32570,983
Kentucky,2021-06-06,0,0,4467673,32570,983
Kentucky,2021-06-07,108,12,4467673,32678,995
Kentucky,2021-06-08,599,6,4467673,33277,1001
Kentucky,2021-06-09,327,12,4467673,33604,1013
Kentucky,2021-06-10,271,17,4467673,33875,1030
Kentucky,2021-06-11,230,9,4467673,34105,1039
Kentucky,2021-06-12,273,8,4467673,34378,1047
Kentucky,2021-06-13,83,3,4467673,34461,1050
Kentucky,2021-06-14,129,5,4467673,34590,1055
Kentucky,2021-06-15,268,8,4467673,34858,1063
Kentucky,2021-06-16,222,4,4467673,35080,1067
Kentucky,2021-06-17,232,3,4467673,35312,1070
Kentucky,2021-06-18,183,2,4467673,35495,1072
Kentucky,2021-06-19,0,0,4467673,35495,1072
Kentucky,2021-06-20,0,0,4467673,35495,1072
Kentucky,2021-06-21,355,10,4467673,35850,1082
Kentucky,2021-06-22,181,4,4467673,36031,1086
Kentucky,2021-06-23,160,2,4467673,36191,1088
Kentucky,2021-06-24,166,4,4467673,36357,1092
Kentucky,2021-06-25,189,4,4467673,36546,1096
Kentucky,2021-06-26,0,0,4467673,36546,1096
Kentucky,2021-06-27,0,0,4467673,36546,1096
Kentucky,2021-06-28,298,8,4467673,36844,1104
Kentucky,2021-06-29,207,5,4467673,37051,1109
Kentucky,2021-06-30,274,3,4467673,37325,1112
Kentucky,2021-07-01,163,3,4467673,37488,1115
Kentucky,2021-07-02,160,6,4467673,37648,1121
Kentucky,2021-07-03,0,0,4467673,37648,1121
Kentucky,2021-07-04,0,0,4467673,37648,1121
Kentucky,2021-07-05,0,0,4467673,37648,1121
Kentucky,2021-07-06,423,16,4467673,38071,1137
Kentucky,2021-07-07,331,5,4467673,38402,1142
Kentucky,2021-07-08,301,3,4467673,38703,1145
Kentucky,2021-07-09,339,2,4467673,39042,1147
Kentucky,2021-07-10,0,0,4467673,39042,1147
Kentucky,2021-07-11,0,0,4467673,39042,1147
Kentucky,2021-07-12,728,10,4467673,39770,1157
Kentucky,2021-07-13,432,6,4467673,40202,1163
Kentucky,2021-07-14,636,5,4467673,40838,1168
Kentucky,2021-07-15,534,5,4467673,41372,1173
Kentucky,2021-07-16,496,3,4467673,41868,1176
Kentucky,2021-07-17,0,0,4467673,41868,1176
Kentucky,2021-07-18,0,0,4467673,41868,1176
Kentucky,2021-07-19,970,17,4467673,42838,1193
Kentucky,2021-07-20,989,3,4467673,43827,1196
Kentucky,2021-07-21,936,2,4467673,44763,1198
Kentucky,2021-07-22,898,2,4467673,45661,1200
Kentucky,2021-07-23,941,4,4467673,46602,1204
Kentucky,2021-07-24,0,0,4467673,46602,1204
Kentucky,2021-07-25,0,0,4467673,46602,1204
Kentucky,2021-07-26,2206,7,4467673,48808,1211
Kentucky,2021-07-27,1232,4,4467673,50040,1215
Kentucky,2021-07-28,1549,2,4467673,51589,1217
Kentucky,2021-07-29,1570,2,4467673,53159,1219
Kentucky,2021-07-30,1598,7,4467673,54757,1226
Kentucky,2021-07-31,0,0,4467673,54757,1226
Kentucky,2021-08-01,0,0,4467673,54757,1226
Kentucky,2021-08-02,3516,14,4467673,58273,1240
Kentucky,2021-08-03,1756,4,4467673,60029,1244
Kentucky,2021-08-04,2528,10,4467673,62557,1254
Kentucky,2021-08-05,2157,4,4467673,64714,1258
Kentucky,2021-08-06,2576,6,4467673,67290,1264
Kentucky,2021-08-07,0,0,4467673,67290,1264
Kentucky,2021-08-08,0,0,4467673,67290,1264
Kentucky,2021-08-09,5135,15,4467673,72425,1279
Kentucky,2021-08-10,2445,7,4467673,74870,1286
Kentucky,2021-08-11,2920,14,4467673,77790,1300
Kentucky,2021-08-12,2678,6,4467673,80468,1306
Kentucky,2021-08-13,3914,12,4467673,84382,1318
Kentucky,2021-08-14,0,0,4467673,84382,1318
Kentucky,2021-08-15,0,0,4467673,84382,1318
Kentucky,2021-08-16,6763,25,4467673,91145,1343
Kentucky,2021-08-17,3222,8,4467673,94367,1351
Kentucky,2021-08-18,3537,9,4467673,97904,1360
Kentucky,2021-08-19,4827,9,4467673,102731,1369
Kentucky,2021-08-20,3857,40,4467673,106588,1409
Kentucky,2021-08-21,0,0,4467673,106588,1409
Kentucky,2021-08-22,0,0,4467673,106588,1409
Kentucky,2021-08-23,8601,41,4467673,115189,1450
Kentucky,2021-08-24,4626,17,4467673,119815,1467
Kentucky,2021-08-25,4844,65,4467673,124659,1532
Kentucky,2021-08-26,5334,27,4467673,129993,1559
Kentucky,2021-08-27,4788,18,4467673,134781,1577
Kentucky,2021-08-28,0,0,4467673,134781,1577
Kentucky,2021-08-29,0,0,4467673,134781,1577
Kentucky,2021-08-30,9894,56,4467673,144675,1633
Kentucky,2021-08-31,4534,23,4467673,149209,1656
Kentucky,2021-09-01,4931,12,4467673,154140,1668
Kentucky,2021-09-02,5432,45,4467673,159572,1713
Kentucky,2021-09-03,5075,24,4467673,164647,1737
Kentucky,2021-09-04,0,0,4467673,164647,1737
Louisiana,2021-04-02,0,0,4648794,0,0
Louisiana,2021-04-03,0,0,4648794,0,0
Louisiana,2021-04-04,0,0,4648794,0,0
Louisiana,2021-04-05,1268,4,4648794,1268,4
Louisiana,2021-04-06,218,9,4648794,1486,13
Louisiana,2021-04-07,700,11,4648794,2186,24
Louisiana,2021-04-08,449,15,4648794,2635,39
Louisiana,2021-04-09,734,16,4648794,3369,55
Louisiana,2021-04-10,0,0,4648794,3369,55
Louisiana,2021-04-11,0,0,4648794,3369,55
Louisiana,2021-04-12,989,25,4648794,4358,80
Louisiana,2021-04-13,452,14,4648794,4810,94
Louisiana,2021-04-14,394,9,4648794,5204,103
Louisiana,2021-04-15,803,9,4648794,6007,112
Louisiana,2021-04-16,479,9,4648794,6486,121
Louisiana,2021-04-17,0,0,4648794,6486,121
Louisiana,2021-04-18,0,0,4648794,6486,121
Louisiana,2021-04-19,1396,11,4648794,7882,132
Louisiana,2021-04-20,360,13,4648794,8242,145
Louisiana,2021-04-21,666,10,4648794,8908,155
Louisiana,2021-04-22,623,8,4648794,9531,163
Louisiana,2021-04-23,541,12,4648794,10072,175
Louisiana,2021-04-24,0,0,4648794,10072,175
Louisiana,2021-04-25,0,0,4648794,10072,175
Louisiana,2021-04-26,891,6,4648794,10963,181
Louisiana,2021-04-27,452,10,4648794,11415,191
Louisiana,2021-04-28,442,15,4648794,11857,206
Louisiana,2021-04-29,570,9,4648794,12427,215
Louisiana,2021-04-30,685,6,4648794,13112,221
Louisiana,2021-05-01,0,0,4648794,13112,221
Louisiana,2021-05-02,0,0,4648794,13112,221
Louisiana,2021-05-03,759,11,4648794,13871,232
Louisiana,2021-05-04,997,12,4648794,14868,244
Louisiana,2021-05-05,466,13,4648794,15334,257
Louisiana,2021-05-06,407,7,4648794,15741,264
Louisiana,2021-05-07,563,8,4648794,16304,272
Louisiana,2021-05-08,0,0,4648794,16304,272
Louisiana,2021-05-09,0,0,4648794,16304,272
Louisiana,2021-05-10,1095,5,4648794,17399,277
Louisiana,2021-05-11,649,13,4648794,18048,290
Louisiana,2021-05-12,480,12,4648794,18528,302
Louisiana,2021-05-13,415,6,4648794,18943,308
Louisiana,2021-05-14,421,9,4648794,19364,317
Louisiana,2021-05-15,0,0,4648794,19364,317
Louisiana,2021-05-16,0,0,4648794,19364,317
Louisiana,2021-05-17,1113,11,4648794,20477,328
Louisiana,2021-05-18,494,11,4648794,20971,339
Louisiana,2021-05-19,615,9,4648794,21586,348
Louisiana,2021-05-20,420,8,4648794,22006,356
Louisiana,2021-05-21,340,5,4648794,22346,361
Louisiana,2021-05-22,0,0,4648794,22346,361
Louisiana,2021-05-23,0,0,4648794,22346,361
Louisiana,2021-05-24,587,13,4648794,22933,374
Louisiana,2021-05-25,1043,13,4648794,23976,387
Louisiana,2021-05-26,419,14,4648794,24395,401
Louisiana,2021-05-27,467,8,4648794,24862,409
Louisiana,2021-05-28,354,6,4648794,25216,415
Louisiana,2021-05-29,0,0,4648794,25216,415
Louisiana,2021-05-30,0,0,4648794,25216,415
Louisiana,2021-05-31,0,0,4648794,25216,415
Louisiana,2021-06-01,978,16,4648794,26194,431
Louisiana,2021-06-02,641,3,4648794,26835,434
Louisiana,2021-06-03,313,10,4648794,27148,444
Louisiana,2021-06-04,364,10,4648794,27512,454
Louisiana,2021-06-05,0,0,4648794,27512,454
Louisiana,2021-06-06,0,0,4648794,27512,454
Louisiana,2021-06-07,796,4,4648794,28308,458
Louisiana,2021-06-08,102,3,4648794,28410,461
Louisiana,2021-06-09,774,9,4648794,29184,470
Louisiana,2021-06-10,473,7,4648794,29657,477
Louisiana,2021-06-11,228,10,4648794,29885,487
Louisiana,2021-06-12,0,0,4648794,29885,487
Louisiana,2021-06-13,0,0,4648794,29885,487
Louisiana,2021-06-14,554,7,4648794,30439,494
Louisiana,2021-06-15,559,5,4648794,30998,499
Louisiana,2021-06-16,325,10,4648794,31323,509
Louisiana,2021-06-17,335,7,4648794,31658,516
Louisiana,2021-06-18,326,11,4648794,31984,527
Louisiana,2021-06-19,0,0,4648794,31984,527
Louisiana,2021-06-20,0,0,4648794,31984,527
Louisiana,2021-06-21,686,5,4648794,32670,532
Louisiana,2021-06-22,325,6,4648794,32995,538
Louisiana,2021-06-23,482,10,4648794,33477,548
Louisiana,2021-06-24,365,8,4648794,33842,556
Louisiana,2021-06-25,210,6,4648794,34052,562
Louisiana,2021-06-26,0,0,4648794,34052,562
Louisiana,2021-06-27,0,0,4648794,34052,562
Louisiana,2021-06-28,942,5,4648794,34994,567
Louisiana,2021-06-29,413,4,4648794,35407,571
Louisiana,2021-06-30,591,6,4648794,35998,577
Louisiana,2021-07-01,568,10,4648794,36566,587
Louisiana,2021-07-02,525,9,4648794,37091,596
Louisiana,2021-07-03,0,0,4648794,37091,596
Louisiana,2021-07-04,0,0,4648794,37091,596
Louisiana,2021-07-05,0,0,4648794,37091,596
Louisiana,2021-07-06,2017,6,4648794,39108,602
Louisiana,2021-07-07,1226,2,4648794,40334,604
Louisiana,2021-07-08,786,6,4648794,41120,610
Louisiana,2021-07-09,969,10,4648794,42089,620
Louisiana,2021-07-10,0,0,4648794,42089,620
Louisiana,2021-07-11,0,0,4648794,42089,620
Louisiana,2021-07-12,2393,8,4648794,44482,628
Louisiana,2021-07-13,953,9,4648794,45435,637
Louisiana,2021-07-14,1936,10,4648794,47371,647
Louisiana,2021-07-15,1500,13,4648794,48871,660
Louisiana,2021-07-16,1605,7,4648794,50476,667
Louisiana,2021-07-17,0,0,4648794,50476,667
Louisiana,2021-07-18,0,0,4648794,50476,667
Louisiana,2021-07-19,3987,13,4648794,54463,680
Louisiana,2021-07-20,1562,20,4648794,56025,700
Louisiana,2021-07-21,5388,13,4648794,61413,713
Louisiana,2021-07-22,2834,15,4648794,64247,728
Louisiana,2021-07-23,3127,11,4648794,67374,739
Louisiana,2021-07-24,0,0,4648794,67374,739
Louisiana,2021-07-25,0,0,4648794,67374,739
Louisiana,2021-07-26,7592,14,4648794,74966,753
Louisiana,2021-07-27,6818,20,4648794,81784,773
Louisiana,2021-07-28,4699,14,4648794,86483,787
Louisiana,2021-07-29,4414,20,4648794,90897,807
Louisiana,2021-07-30,5313,31,4648794,96210,838
Louisiana,2021-07-31,0,0,4648794,96210,838
Louisiana,2021-08-01,0,0,4648794,96210,838
Louisiana,2021-08-02,11108,27,4648794,107318,865
Louisiana,2021-08-03,4753,59,4648794,112071,924
Louisiana,2021-08-04,4779,44,4648794,116850,968
Louisiana,2021-08-05,5468,33,4648794,122318,1001
Louisiana,2021-08-06,6116,48,4648794,128434,1049
Louisiana,2021-08-07,0,0,4648794,128434,1049
Louisiana,2021-08-08,0,0,4648794,128434,1049
Louisiana,2021-08-09,16543,50,4648794,144977,1099
Louisiana,2021-08-10,6088,93,4648794,151065,1192
Louisiana,2021-08-11,5407,55,4648794,156472,1247
Louisiana,2021-08-12,5287,54,4648794,161759,1301
Louisiana,2021-08-13,7548,57,4648794,169307,1358
Louisiana,2021-08-14,0,0,4648794,169307,1358
Louisiana,2021-08-15,0,0,4648794,169307,1358
Louisiana,2021-08-16,13370,65,4648794,182677,1423
Louisiana,2021-08-17,3691,122,4648794,186368,1545
Louisiana,2021-08-18,6606,87,4648794,192974,1632
Louisiana,2021-08-19,5550,58,4648794,198524,1690
Louisiana,2021-08-20,5922,67,4648794,204446,1757
Louisiana,2021-08-21,0,0,4648794,204446,1757
Louisiana,2021-08-22,0,0,4648794,204446,1757
Louisiana,2021-08-23,10889,59,4648794,215335,1816
Louisiana,2021-08-24,3814,139,4648794,219149,1955
Louisiana,2021-08-25,6619,110,4648794,225768,2065
Louisiana,2021-08-26,5131,72,4648794,230899,2137
Louisiana,2021-08-27,3428,61,4648794,234327,2198
Louisiana,2021-08-28,0,0,4648794,234327,2198
Louisiana,2021-08-29,0,0,4648794,234327,2198
Louisiana,2021-08-30,0,0,4648794,234327,2198
Louisiana,2021-08-31,0,0,4648794,234327,2198
Louisiana,2021-09-01,12380,223,4648794,246707,2421
Louisiana,2021-09-02,2099,74,4648794,248806,2495
Louisiana,2021-09-03,2625,51,4648794,251431,2546
Louisiana,2021-09-04,0,0,4648794,251431,2546
Maine,2021-04-02,401,0,1344212,401,0
Maine,2021-04-03,281,1,1344212,682,1
Maine,2021-04-04,295,0,1344212,977,1
Maine,2021-04-05,221,1,1344212,1198,2
Maine,2021-04-06,291,0,1344212,1489,2
Maine,2021-04-07,400,1,1344212,1889,3
Maine,2021-04-08,319,1,1344212,2208,4
Maine,2021-04-09,438,2,1344212,2646,6
Maine,2021-04-10,311,0,1344212,2957,6
Maine,2021-04-11,215,0,1344212,3172,6
Maine,2021-04-12,296,1,1344212,3468,7
Maine,2021-04-13,571,2,1344212,4039,9
Maine,2021-04-14,547,4,1344212,4586,13
Maine,2021-04-15,580,1,1344212,5166,14
Maine,2021-04-16,571,5,1344212,5737,19
Maine,2021-04-17,414,1,1344212,6151,20
Maine,2021-04-18,346,1,1344212,6497,21
Maine,2021-04-19,260,2,1344212,6757,23
Maine,2021-04-20,420,0,1344212,7177,23
Maine,2021-04-21,500,1,1344212,7677,24
Maine,2021-04-22,403,1,1344212,8080,25
Maine,2021-04-23,371,2,1344212,8451,27
Maine,2021-04-24,373,1,1344212,8824,28
Maine,2021-04-25,164,0,1344212,8988,28
Maine,2021-04-26,229,0,1344212,9217,28
Maine,2021-04-27,425,5,1344212,9642,33
Maine,2021-04-28,261,1,1344212,9903,34
Maine,2021-04-29,254,4,1344212,10157,38
Maine,2021-04-30,268,2,1344212,10425,40
Maine,2021-05-01,403,5,1344212,10828,45
Maine,2021-05-02,231,0,1344212,11059,45
Maine,2021-05-03,245,1,1344212,11304,46
Maine,2021-05-04,418,0,1344212,11722,46
Maine,2021-05-05,348,1,1344212,12070,47
Maine,2021-05-06,318,2,1344212,12388,49
Maine,2021-05-07,288,1,1344212,12676,50
Maine,2021-05-08,287,1,1344212,12963,51
Maine,2021-05-09,243,0,1344212,13206,51
Maine,2021-05-10,225,0,1344212,13431,51
Maine,2021-05-11,238,2,1344212,13669,53
Maine,2021-05-12,291,1,1344212,13960,54
Maine,2021-05-13,296,0,1344212,14256,54
Maine,2021-05-14,304,1,1344212,14560,55
Maine,2021-05-15,176,2,1344212,14736,57
Maine,2021-05-16,192,1,1344212,14928,58
Maine,2021-05-17,199,1,1344212,15127,59
Maine,2021-05-18,199,2,1344212,15326,61
Maine,2021-05-19,202,2,1344212,15528,63
Maine,2021-05-20,219,9,1344212,15747,72
Maine,2021-05-21,170,2,1344212,15917,74
Maine,2021-05-22,158,1,1344212,16075,75
Maine,2021-05-23,116,1,1344212,16191,76
Maine,2021-05-24,99,2,1344212,16290,78
Maine,2021-05-25,61,2,1344212,16351,80
Maine,2021-05-26,162,1,1344212,16513,81
Maine,2021-05-27,122,0,1344212,16635,81
Maine,2021-05-28,128,0,1344212,16763,81
Maine,2021-05-29,107,0,1344212,16870,81
Maine,2021-05-30,87,0,1344212,16957,81
Maine,2021-05-31,42,0,1344212,16999,81
Maine,2021-06-01,32,0,1344212,17031,81
Maine,2021-06-02,62,2,1344212,17093,83
Maine,2021-06-03,105,10,1344212,17198,93
Maine,2021-06-04,72,1,1344212,17270,94
Maine,2021-06-05,97,1,1344212,17367,95
Maine,2021-06-06,78,0,1344212,17445,95
Maine,2021-06-07,29,0,1344212,17474,95
Maine,2021-06-08,71,1,1344212,17545,96
Maine,2021-06-09,53,3,1344212,17598,99
Maine,2021-06-10,63,0,1344212,17661,99
Maine,2021-06-11,39,1,1344212,17700,100
Maine,2021-06-12,53,1,1344212,17753,101
Maine,2021-06-13,49,0,1344212,17802,101
Maine,2021-06-14,16,0,1344212,17818,101
Maine,2021-06-15,29,3,1344212,17847,104
Maine,2021-06-16,51,5,1344212,17898,109
Maine,2021-06-17,34,1,1344212,17932,110
Maine,2021-06-18,36,0,1344212,17968,110
Maine,2021-06-19,38,0,1344212,18006,110
Maine,2021-06-20,32,0,1344212,18038,110
Maine,2021-06-21,20,0,1344212,18058,110
Maine,2021-06-22,20,0,1344212,18078,110
Maine,2021-06-23,13,2,1344212,18091,112
Maine,2021-06-24,10,0,1344212,18101,112
Maine,2021-06-25,36,2,1344212,18137,114
Maine,2021-06-26,39,0,1344212,18176,114
Maine,2021-06-27,13,0,1344212,18189,114
Maine,2021-06-28,13,0,1344212,18202,114
Maine,2021-06-29,32,0,1344212,18234,114
Maine,2021-06-30,12,0,1344212,18246,114
Maine,2021-07-01,21,1,1344212,18267,115
Maine,2021-07-02,15,1,1344212,18282,116
Maine,2021-07-03,29,0,1344212,18311,116
Maine,2021-07-04,22,0,1344212,18333,116
Maine,2021-07-05,0,0,1344212,18333,116
Maine,2021-07-06,0,0,1344212,18333,116
Maine,2021-07-07,38,1,1344212,18371,117
Maine,2021-07-08,33,0,1344212,18404,117
Maine,2021-07-09,10,1,1344212,18414,118
Maine,2021-07-10,18,0,1344212,18432,118
Maine,2021-07-11,0,0,1344212,18432,118
Maine,2021-07-12,0,0,1344212,18432,118
Maine,2021-07-13,65,0,1344212,18497,118
Maine,2021-07-14,40,5,1344212,18537,123
Maine,2021-07-15,49,10,1344212,18586,133
Maine,2021-07-16,44,1,1344212,18630,134
Maine,2021-07-17,58,4,1344212,18688,138
Maine,2021-07-18,0,0,1344212,18688,138
Maine,2021-07-19,0,0,1344212,18688,138
Maine,2021-07-20,151,0,1344212,18839,138
Maine,2021-07-21,48,5,1344212,18887,143
Maine,2021-07-22,106,4,1344212,18993,147
Maine,2021-07-23,54,0,1344212,19047,147
Maine,2021-07-24,70,6,1344212,19117,153
Maine,2021-07-25,0,0,1344212,19117,153
Maine,2021-07-26,0,0,1344212,19117,153
Maine,2021-07-27,172,1,1344212,19289,154
Maine,2021-07-28,64,1,1344212,19353,155
Maine,2021-07-29,120,0,1344212,19473,155
Maine,2021-07-30,111,0,1344212,19584,155
Maine,2021-07-31,91,1,1344212,19675,156
Maine,2021-08-01,0,0,1344212,19675,156
Maine,2021-08-02,0,0,1344212,19675,156
Maine,2021-08-03,255,0,1344212,19930,156
Maine,2021-08-04,129,0,1344212,20059,156
Maine,2021-08-05,149,0,1344212,20208,156
Maine,2021-08-06,145,0,1344212,20353,156
Maine,2021-08-07,165,1,1344212,20518,157
Maine,2021-08-08,0,0,1344212,20518,157
Maine,2021-08-09,-1,0,1344212,20517,157
Maine,2021-08-10,361,0,1344212,20878,157
Maine,2021-08-11,217,0,1344212,21095,157
Maine,2021-08-12,236,2,1344212,21331,159
Maine,2021-08-13,214,1,1344212,21545,160
Maine,2021-08-14,189,0,1344212,21734,160
Maine,2021-08-15,0,0,1344212,21734,160
Maine,2021-08-16,0,0,1344212,21734,160
Maine,2021-08-17,375,3,1344212,22109,163
Maine,2021-08-18,191,2,1344212,22300,165
Maine,2021-08-19,182,12,1344212,22482,177
Maine,2021-08-20,185,1,1344212,22667,178
Maine,2021-08-21,205,2,1344212,22872,180
Maine,2021-08-22,0,0,1344212,22872,180
Maine,2021-08-23,0,0,1344212,22872,180
Maine,2021-08-24,362,0,1344212,23234,180
Maine,2021-08-25,291,2,1344212,23525,182
Maine,2021-08-26,390,0,1344212,23915,182
Maine,2021-08-27,263,2,1344212,24178,184
Maine,2021-08-28,415,2,1344212,24593,186
Maine,2021-08-29,0,0,1344212,24593,186
Maine,2021-08-30,0,0,1344212,24593,186
Maine,2021-08-31,475,2,1344212,25068,188
Maine,2021-09-01,434,2,1344212,25502,190
Maine,2021-09-02,623,3,1344212,26125,193
Maine,2021-09-03,665,3,1344212,26790,196
Maine,2021-09-04,491,0,1344212,27281,196
Maryland,2021-04-02,1457,16,6045680,1457,16
Maryland,2021-04-03,1275,23,6045680,2732,39
Maryland,2021-04-04,1669,8,6045680,4401,47
Maryland,2021-04-05,859,13,6045680,5260,60
Maryland,2021-04-06,867,15,6045680,6127,75
Maryland,2021-04-07,1471,11,6045680,7598,86
Maryland,2021-04-08,1297,21,6045680,8895,107
Maryland,2021-04-09,1840,14,6045680,10735,121
Maryland,2021-04-10,1584,20,6045680,12319,141
Maryland,2021-04-11,1483,11,6045680,13802,152
Maryland,2021-04-12,985,15,6045680,14787,167
Maryland,2021-04-13,1084,14,6045680,15871,181
Maryland,2021-04-14,1552,9,6045680,17423,190
Maryland,2021-04-15,1444,19,6045680,18867,209
Maryland,2021-04-16,1564,16,6045680,20431,225
Maryland,2021-04-17,1500,17,6045680,21931,242
Maryland,2021-04-18,1169,17,6045680,23100,259
Maryland,2021-04-19,631,12,6045680,23731,271
Maryland,2021-04-20,925,18,6045680,24656,289
Maryland,2021-04-21,1205,13,6045680,25861,302
Maryland,2021-04-22,1203,20,6045680,27064,322
Maryland,2021-04-23,1163,8,6045680,28227,330
Maryland,2021-04-24,1196,15,6045680,29423,345
Maryland,2021-04-25,906,13,6045680,30329,358
Maryland,2021-04-26,557,9,6045680,30886,367
Maryland,2021-04-27,677,18,6045680,31563,385
Maryland,2021-04-28,1002,21,6045680,32565,406
Maryland,2021-04-29,966,9,6045680,33531,415
Maryland,2021-04-30,942,26,6045680,34473,441
Maryland,2021-05-01,939,20,6045680,35412,461
Maryland,2021-05-02,649,12,6045680,36061,473
Maryland,2021-05-03,520,12,6045680,36581,485
Maryland,2021-05-04,501,15,6045680,37082,500
Maryland,2021-05-05,679,10,6045680,37761,510
Maryland,2021-05-06,578,9,6045680,38339,519
Maryland,2021-05-07,768,11,6045680,39107,530
Maryland,2021-05-08,656,10,6045680,39763,540
Maryland,2021-05-09,434,8,6045680,40197,548
Maryland,2021-05-10,276,10,6045680,40473,558
Maryland,2021-05-11,399,9,6045680,40872,567
Maryland,2021-05-12,471,9,6045680,41343,576
Maryland,2021-05-13,474,17,6045680,41817,593
Maryland,2021-05-14,512,12,6045680,42329,605
Maryland,2021-05-15,378,17,6045680,42707,622
Maryland,2021-05-16,369,4,6045680,43076,626
Maryland,2021-05-17,212,3,6045680,43288,629
Maryland,2021-05-18,212,13,6045680,43500,642
Maryland,2021-05-19,337,12,6045680,43837,654
Maryland,2021-05-20,319,2,6045680,44156,656
Maryland,2021-05-21,443,14,6045680,44599,670
Maryland,2021-05-22,521,17,6045680,45120,687
Maryland,2021-05-23,244,17,6045680,45364,704
Maryland,2021-05-24,228,15,6045680,45592,719
Maryland,2021-05-25,160,7,6045680,45752,726
Maryland,2021-05-26,198,8,6045680,45950,734
Maryland,2021-05-27,217,544,6045680,46167,1278
Maryland,2021-05-28,248,11,6045680,46415,1289
Maryland,2021-05-29,185,7,6045680,46600,1296
Maryland,2021-05-30,249,8,6045680,46849,1304
Maryland,2021-05-31,117,7,6045680,46966,1311
Maryland,2021-06-01,101,2,6045680,47067,1313
Maryland,2021-06-02,65,6,6045680,47132,1319
Maryland,2021-06-03,134,4,6045680,47266,1323
Maryland,2021-06-04,145,4,6045680,47411,1327
Maryland,2021-06-05,132,9,6045680,47543,1336
Maryland,2021-06-06,104,6,6045680,47647,1342
Maryland,2021-06-07,84,4,6045680,47731,1346
Maryland,2021-06-08,78,4,6045680,47809,1350
Maryland,2021-06-09,126,5,6045680,47935,1355
Maryland,2021-06-10,121,9,6045680,48056,1364
Maryland,2021-06-11,113,10,6045680,48169,1374
Maryland,2021-06-12,86,6,6045680,48255,1380
Maryland,2021-06-13,82,3,6045680,48337,1383
Maryland,2021-06-14,60,2,6045680,48397,1385
Maryland,2021-06-15,67,1,6045680,48464,1386
Maryland,2021-06-16,78,6,6045680,48542,1392
Maryland,2021-06-17,79,3,6045680,48621,1395
Maryland,2021-06-18,86,4,6045680,48707,1399
Maryland,2021-06-19,62,5,6045680,48769,1404
Maryland,2021-06-20,42,0,6045680,48811,1404
Maryland,2021-06-21,40,0,6045680,48851,1404
Maryland,2021-06-22,49,8,6045680,48900,1412
Maryland,2021-06-23,59,7,6045680,48959,1419
Maryland,2021-06-24,66,7,6045680,49025,1426
Maryland,2021-06-25,64,1,6045680,49089,1427
Maryland,2021-06-26,61,4,6045680,49150,1431
Maryland,2021-06-27,66,3,6045680,49216,1434
Maryland,2021-06-28,37,2,6045680,49253,1436
Maryland,2021-06-29,36,1,6045680,49289,1437
Maryland,2021-06-30,62,1,6045680,49351,1438
Maryland,2021-07-01,75,3,6045680,49426,1441
Maryland,2021-07-02,85,2,6045680,49511,1443
Maryland,2021-07-03,96,3,6045680,49607,1446
Maryland,2021-07-04,61,0,6045680,49668,1446
Maryland,2021-07-05,38,2,6045680,49706,1448
Maryland,2021-07-06,47,3,6045680,49753,1451
Maryland,2021-07-07,55,1,6045680,49808,1452
Maryland,2021-07-08,99,3,6045680,49907,1455
Maryland,2021-07-09,145,3,6045680,50052,1458
Maryland,2021-07-10,127,1,6045680,50179,1459
Maryland,2021-07-11,79,0,6045680,50258,1459
Maryland,2021-07-12,79,-1,6045680,50337,1458
Maryland,2021-07-13,118,4,6045680,50455,1462
Maryland,2021-07-14,104,4,6045680,50559,1466
Maryland,2021-07-15,178,4,6045680,50737,1470
Maryland,2021-07-16,183,5,6045680,50920,1475
Maryland,2021-07-17,183,2,6045680,51103,1477
Maryland,2021-07-18,166,1,6045680,51269,1478
Maryland,2021-07-19,139,1,6045680,51408,1479
Maryland,2021-07-20,155,6,6045680,51563,1485
Maryland,2021-07-21,244,4,6045680,51807,1489
Maryland,2021-07-22,303,6,6045680,52110,1495
Maryland,2021-07-23,288,3,6045680,52398,1498
Maryland,2021-07-24,317,5,6045680,52715,1503
Maryland,2021-07-25,306,1,6045680,53021,1504
Maryland,2021-07-26,256,1,6045680,53277,1505
Maryland,2021-07-27,309,2,6045680,53586,1507
Maryland,2021-07-28,416,3,6045680,54002,1510
Maryland,2021-07-29,505,5,6045680,54507,1515
Maryland,2021-07-30,526,0,6045680,55033,1515
Maryland,2021-07-31,587,7,6045680,55620,1522
Maryland,2021-08-01,547,3,6045680,56167,1525
Maryland,2021-08-02,447,1,6045680,56614,1526
Maryland,2021-08-03,368,6,6045680,56982,1532
Maryland,2021-08-04,695,5,6045680,57677,1537
Maryland,2021-08-05,729,2,6045680,58406,1539
Maryland,2021-08-06,890,4,6045680,59296,1543
Maryland,2021-08-07,892,3,6045680,60188,1546
Maryland,2021-08-08,853,8,6045680,61041,1554
Maryland,2021-08-09,586,4,6045680,61627,1558
Maryland,2021-08-10,629,8,6045680,62256,1566
Maryland,2021-08-11,886,1,6045680,63142,1567
Maryland,2021-08-12,1047,3,6045680,64189,1570
Maryland,2021-08-13,950,5,6045680,65139,1575
Maryland,2021-08-14,1016,9,6045680,66155,1584
Maryland,2021-08-15,869,4,6045680,67024,1588
Maryland,2021-08-16,766,5,6045680,67790,1593
Maryland,2021-08-17,851,3,6045680,68641,1596
Maryland,2021-08-18,1012,8,6045680,69653,1604
Maryland,2021-08-19,1060,9,6045680,70713,1613
Maryland,2021-08-20,1206,6,6045680,71919,1619
Maryland,2021-08-21,1131,16,6045680,73050,1635
Maryland,2021-08-22,990,5,6045680,74040,1640
Maryland,2021-08-23,925,5,6045680,74965,1645
Maryland,2021-08-24,847,8,6045680,75812,1653
Maryland,2021-08-25,1190,11,6045680,77002,1664
Maryland,2021-08-26,1244,-4,6045680,78246,1660
Maryland,2021-08-27,1373,8,6045680,79619,1668
Maryland,2021-08-28,1368,12,6045680,80987,1680
Maryland,2021-08-29,1067,12,6045680,82054,1692
Maryland,2021-08-30,942,9,6045680,82996,1701
Maryland,2021-08-31,1078,10,6045680,84074,1711
Maryland,2021-09-01,1374,10,6045680,85448,1721
Maryland,2021-09-02,1272,16,6045680,86720,1737
Maryland,2021-09-03,1387,11,6045680,88107,1748
Maryland,2021-09-04,1194,10,6045680,89301,1758
Massachusetts,2021-04-02,2440,32,6892503,2440,32
Massachusetts,2021-04-03,2453,32,6892503,4893,64
Massachusetts,2021-04-04,0,0,6892503,4893,64
Massachusetts,2021-04-05,2988,44,6892503,7881,108
Massachusetts,2021-04-06,1803,12,6892503,9684,120
Massachusetts,2021-04-07,2550,21,6892503,12234,141
Massachusetts,2021-04-08,2393,8,6892503,14627,149
Massachusetts,2021-04-09,2312,10,6892503,16939,159
Massachusetts,2021-04-10,2300,3,6892503,19239,162
Massachusetts,2021-04-11,1991,8,6892503,21230,170
Massachusetts,2021-04-12,1532,19,6892503,22762,189
Massachusetts,2021-04-13,1598,7,6892503,24360,196
Massachusetts,2021-04-14,2244,14,6892503,26604,210
Massachusetts,2021-04-15,2123,5,6892503,28727,215
Massachusetts,2021-04-16,2216,13,6892503,30943,228
Massachusetts,2021-04-17,1968,10,6892503,32911,238
Massachusetts,2021-04-18,1407,7,6892503,34318,245
Massachusetts,2021-04-19,1317,19,6892503,35635,264
Massachusetts,2021-04-20,1188,3,6892503,36823,267
Massachusetts,2021-04-21,1596,14,6892503,38419,281
Massachusetts,2021-04-22,1628,17,6892503,40047,298
Massachusetts,2021-04-23,1621,13,6892503,41668,311
Massachusetts,2021-04-24,1563,16,6892503,43231,327
Massachusetts,2021-04-25,1214,6,6892503,44445,333
Massachusetts,2021-04-26,881,12,6892503,45326,345
Massachusetts,2021-04-27,965,4,6892503,46291,349
Massachusetts,2021-04-28,1613,12,6892503,47904,361
Massachusetts,2021-04-29,1395,16,6892503,49299,377
Massachusetts,2021-04-30,1335,16,6892503,50634,393
Massachusetts,2021-05-01,1306,7,6892503,51940,400
Massachusetts,2021-05-02,893,4,6892503,52833,404
Massachusetts,2021-05-03,563,18,6892503,53396,422
Massachusetts,2021-05-04,854,5,6892503,54250,427
Massachusetts,2021-05-05,1019,14,6892503,55269,441
Massachusetts,2021-05-06,1161,5,6892503,56430,446
Massachusetts,2021-05-07,976,5,6892503,57406,451
Massachusetts,2021-05-08,795,8,6892503,58201,459
Massachusetts,2021-05-09,858,6,6892503,59059,465
Massachusetts,2021-05-10,474,16,6892503,59533,481
Massachusetts,2021-05-11,555,0,6892503,60088,481
Massachusetts,2021-05-12,760,14,6892503,60848,495
Massachusetts,2021-05-13,721,10,6892503,61569,505
Massachusetts,2021-05-14,429,20,6892503,61998,525
Massachusetts,2021-05-15,1153,5,6892503,63151,530
Massachusetts,2021-05-16,549,6,6892503,63700,536
Massachusetts,2021-05-17,299,19,6892503,63999,555
Massachusetts,2021-05-18,438,7,6892503,64437,562
Massachusetts,2021-05-19,516,15,6892503,64953,577
Massachusetts,2021-05-20,605,8,6892503,65558,585
Massachusetts,2021-05-21,448,11,6892503,66006,596
Massachusetts,2021-05-22,451,5,6892503,66457,601
Massachusetts,2021-05-23,346,5,6892503,66803,606
Massachusetts,2021-05-24,228,2,6892503,67031,608
Massachusetts,2021-05-25,228,10,6892503,67259,618
Massachusetts,2021-05-26,429,6,6892503,67688,624
Massachusetts,2021-05-27,245,9,6892503,67933,633
Massachusetts,2021-05-28,287,4,6892503,68220,637
Massachusetts,2021-05-29,224,14,6892503,68444,651
Massachusetts,2021-05-30,162,4,6892503,68606,655
Massachusetts,2021-05-31,0,0,6892503,68606,655
Massachusetts,2021-06-01,186,11,6892503,68792,666
Massachusetts,2021-06-02,134,3,6892503,68926,669
Massachusetts,2021-06-03,258,7,6892503,69184,676
Massachusetts,2021-06-04,200,10,6892503,69384,686
Massachusetts,2021-06-05,217,4,6892503,69601,690
Massachusetts,2021-06-06,143,4,6892503,69744,694
Massachusetts,2021-06-07,112,4,6892503,69856,698
Massachusetts,2021-06-08,121,2,6892503,69977,700
Massachusetts,2021-06-09,143,0,6892503,70120,700
Massachusetts,2021-06-10,120,12,6892503,70240,712
Massachusetts,2021-06-11,131,8,6892503,70371,720
Massachusetts,2021-06-12,126,2,6892503,70497,722
Massachusetts,2021-06-13,39,0,6892503,70536,722
Massachusetts,2021-06-14,58,8,6892503,70594,730
Massachusetts,2021-06-15,79,2,6892503,70673,732
Massachusetts,2021-06-16,68,4,6892503,70741,736
Massachusetts,2021-06-17,107,4,6892503,70848,740
Massachusetts,2021-06-18,76,3,6892503,70924,743
Massachusetts,2021-06-19,91,3,6892503,71015,746
Massachusetts,2021-06-20,41,5,6892503,71056,751
Massachusetts,2021-06-21,48,6,6892503,71104,757
Massachusetts,2021-06-22,33,1,6892503,71137,758
Massachusetts,2021-06-23,68,5,6892503,71205,763
Massachusetts,2021-06-24,78,4,6892503,71283,767
Massachusetts,2021-06-25,60,1,6892503,71343,768
Massachusetts,2021-06-26,56,2,6892503,71399,770
Massachusetts,2021-06-27,31,1,6892503,71430,771
Massachusetts,2021-06-28,41,2,6892503,71471,773
Massachusetts,2021-06-29,63,1,6892503,71534,774
Massachusetts,2021-06-30,93,1,6892503,71627,775
Massachusetts,2021-07-01,83,3,6892503,71710,778
Massachusetts,2021-07-02,89,2,6892503,71799,780
Massachusetts,2021-07-03,0,0,6892503,71799,780
Massachusetts,2021-07-04,0,0,6892503,71799,780
Massachusetts,2021-07-05,0,0,6892503,71799,780
Massachusetts,2021-07-06,290,8,6892503,72089,788
Massachusetts,2021-07-07,91,3,6892503,72180,791
Massachusetts,2021-07-08,110,3,6892503,72290,794
Massachusetts,2021-07-09,201,0,6892503,72491,794
Massachusetts,2021-07-10,0,0,6892503,72491,794
Massachusetts,2021-07-11,0,0,6892503,72491,794
Massachusetts,2021-07-12,332,1,6892503,72823,795
Massachusetts,2021-07-13,284,0,6892503,73107,795
Massachusetts,2021-07-14,230,1,6892503,73337,796
Massachusetts,2021-07-15,267,4,6892503,73604,800
Massachusetts,2021-07-16,329,3,6892503,73933,803
Massachusetts,2021-07-17,0,0,6892503,73933,803
Massachusetts,2021-07-18,0,0,6892503,73933,803
Massachusetts,2021-07-19,765,4,6892503,74698,807
Massachusetts,2021-07-20,452,9,6892503,75150,816
Massachusetts,2021-07-21,525,1,6892503,75675,817
Massachusetts,2021-07-22,542,7,6892503,76217,824
Massachusetts,2021-07-23,624,5,6892503,76841,829
Massachusetts,2021-07-24,0,0,6892503,76841,829
Massachusetts,2021-07-25,0,0,6892503,76841,829
Massachusetts,2021-07-26,1272,7,6892503,78113,836
Massachusetts,2021-07-27,832,12,6892503,78945,848
Massachusetts,2021-07-28,660,6,6892503,79605,854
Massachusetts,2021-07-29,905,8,6892503,80510,862
Massachusetts,2021-07-30,931,3,6892503,81441,865
Massachusetts,2021-07-31,0,0,6892503,81441,865
Massachusetts,2021-08-01,0,0,6892503,81441,865
Massachusetts,2021-08-02,2105,2,6892503,83546,867
Massachusetts,2021-08-03,1101,2,6892503,84647,869
Massachusetts,2021-08-04,1032,0,6892503,85679,869
Massachusetts,2021-08-05,1171,7,6892503,86850,876
Massachusetts,2021-08-06,1206,2,6892503,88056,878
Massachusetts,2021-08-07,0,0,6892503,88056,878
Massachusetts,2021-08-08,0,0,6892503,88056,878
Massachusetts,2021-08-09,2652,3,6892503,90708,881
Massachusetts,2021-08-10,1334,14,6892503,92042,895
Massachusetts,2021-08-11,1440,9,6892503,93482,904
Massachusetts,2021-08-12,1367,10,6892503,94849,914
Massachusetts,2021-08-13,1298,11,6892503,96147,925
Massachusetts,2021-08-14,0,0,6892503,96147,925
Massachusetts,2021-08-15,0,0,6892503,96147,925
Massachusetts,2021-08-16,3093,5,6892503,99240,930
Massachusetts,2021-08-17,1468,7,6892503,100708,937
Massachusetts,2021-08-18,1579,10,6892503,102287,947
Massachusetts,2021-08-19,1576,4,6892503,103863,951
Massachusetts,2021-08-20,1533,6,6892503,105396,957
Massachusetts,2021-08-21,0,0,6892503,105396,957
Massachusetts,2021-08-22,0,0,6892503,105396,957
Massachusetts,2021-08-23,3418,4,6892503,108814,961
Massachusetts,2021-08-24,1600,16,6892503,110414,977
Massachusetts,2021-08-25,1495,5,6892503,111909,982
Massachusetts,2021-08-26,1891,13,6892503,113800,995
Massachusetts,2021-08-27,1656,7,6892503,115456,1002
Massachusetts,2021-08-28,0,0,6892503,115456,1002
Massachusetts,2021-08-29,0,0,6892503,115456,1002
Massachusetts,2021-08-30,4299,10,6892503,119755,1012
Massachusetts,2021-08-31,1775,17,6892503,121530,1029
Massachusetts,2021-09-01,2037,11,6892503,123567,1040
Massachusetts,2021-09-02,1767,15,6892503,125334,1055
Massachusetts,2021-09-03,1911,14,6892503,127245,1069
Massachusetts,2021-09-04,0,0,6892503,127245,1069
Michigan,2021-04-02,6151,20,9986857,6151,20
Michigan,2021-04-03,9292,65,9986857,15443,85
Michigan,2021-04-04,0,0,9986857,15443,85
Michigan,2021-04-05,11082,23,9986857,26525,108
Michigan,2021-04-06,6149,61,9986857,32674,169
Michigan,2021-04-07,9369,30,9986857,42043,199
Michigan,2021-04-08,8539,77,9986857,50582,276
Michigan,2021-04-09,8834,29,9986857,59416,305
Michigan,2021-04-10,7539,84,9986857,66955,389
Michigan,2021-04-11,0,0,9986857,66955,389
Michigan,2021-04-12,10553,13,9986857,77508,402
Michigan,2021-04-13,10277,81,9986857,87785,483
Michigan,2021-04-14,9349,37,9986857,97134,520
Michigan,2021-04-15,7191,123,9986857,104325,643
Michigan,2021-04-16,9850,41,9986857,114175,684
Michigan,2021-04-17,6076,76,9986857,120251,760
Michigan,2021-04-18,0,0,9986857,120251,760
Michigan,2021-04-19,9171,62,9986857,129422,822
Michigan,2021-04-20,6601,90,9986857,136023,912
Michigan,2021-04-21,5973,44,9986857,141996,956
Michigan,2021-04-22,5511,121,9986857,147507,1077
Michigan,2021-04-23,5640,32,9986857,153147,1109
Michigan,2021-04-24,5204,126,9986857,158351,1235
Michigan,2021-04-25,0,0,9986857,158351,1235
Michigan,2021-04-26,7080,37,9986857,165431,1272
Michigan,2021-04-27,4584,117,9986857,170015,1389
Michigan,2021-04-28,4943,37,9986857,174958,1426
Michigan,2021-04-29,4197,116,9986857,179155,1542
Michigan,2021-04-30,3863,37,9986857,183018,1579
Michigan,2021-05-01,3708,140,9986857,186726,1719
Michigan,2021-05-02,0,0,9986857,186726,1719
Michigan,2021-05-03,5557,29,9986857,192283,1748
Michigan,2021-05-04,3120,133,9986857,195403,1881
Michigan,2021-05-05,3047,45,9986857,198450,1926
Michigan,2021-05-06,4113,123,9986857,202563,2049
Michigan,2021-05-07,3367,30,9986857,205930,2079
Michigan,2021-05-08,2577,124,9986857,208507,2203
Michigan,2021-05-09,0,0,9986857,208507,2203
Michigan,2021-05-10,2987,34,9986857,211494,2237
Michigan,2021-05-11,2668,102,9986857,214162,2339
Michigan,2021-05-12,2765,15,9986857,216927,2354
Michigan,2021-05-13,2370,118,9986857,219297,2472
Michigan,2021-05-14,2102,32,9986857,221399,2504
Michigan,2021-05-15,1491,112,9986857,222890,2616
Michigan,2021-05-16,0,0,9986857,222890,2616
Michigan,2021-05-17,2576,22,9986857,225466,2638
Michigan,2021-05-18,1535,87,9986857,227001,2725
Michigan,2021-05-19,1950,32,9986857,228951,2757
Michigan,2021-05-20,1570,82,9986857,230521,2839
Michigan,2021-05-21,1259,38,9986857,231780,2877
Michigan,2021-05-22,1206,89,9986857,232986,2966
Michigan,2021-05-23,0,0,9986857,232986,2966
Michigan,2021-05-24,1539,14,9986857,234525,2980
Michigan,2021-05-25,973,71,9986857,235498,3051
Michigan,2021-05-26,1055,14,9986857,236553,3065
Michigan,2021-05-27,636,62,9986857,237189,3127
Michigan,2021-05-28,734,23,9986857,237923,3150
Michigan,2021-05-29,569,52,9986857,238492,3202
Michigan,2021-05-30,0,0,9986857,238492,3202
Michigan,2021-05-31,0,0,9986857,238492,3202
Michigan,2021-06-01,984,13,9986857,239476,3215
Michigan,2021-06-02,497,34,9986857,239973,3249
Michigan,2021-06-03,530,62,9986857,240503,3311
Michigan,2021-06-04,554,26,9986857,241057,3337
Michigan,2021-06-05,429,77,9986857,241486,3414
Michigan,2021-06-06,0,0,9986857,241486,3414
Michigan,2021-06-07,462,12,9986857,241948,3426
Michigan,2021-06-08,362,58,9986857,242310,3484
Michigan,2021-06-09,306,9,9986857,242616,3493
Michigan,2021-06-10,362,45,9986857,242978,3538
Michigan,2021-06-11,329,8,9986857,243307,3546
Michigan,2021-06-12,230,58,9986857,243537,3604
Michigan,2021-06-13,0,0,9986857,243537,3604
Michigan,2021-06-14,389,9,9986857,243926,3613
Michigan,2021-06-15,220,30,9986857,244146,3643
Michigan,2021-06-16,221,5,9986857,244367,3648
Michigan,2021-06-17,177,26,9986857,244544,3674
Michigan,2021-06-18,156,14,9986857,244700,3688
Michigan,2021-06-19,0,0,9986857,244700,3688
Michigan,2021-06-20,0,0,9986857,244700,3688
Michigan,2021-06-21,358,36,9986857,245058,3724
Michigan,2021-06-22,134,14,9986857,245192,3738
Michigan,2021-06-23,236,2,9986857,245428,3740
Michigan,2021-06-24,175,31,9986857,245603,3771
Michigan,2021-06-25,67,14,9986857,245670,3785
Michigan,2021-06-26,0,0,9986857,245670,3785
Michigan,2021-06-27,0,0,9986857,245670,3785
Michigan,2021-06-28,352,5,9986857,246022,3790
Michigan,2021-06-29,240,32,9986857,246262,3822
Michigan,2021-06-30,308,3,9986857,246570,3825
Michigan,2021-07-01,222,14,9986857,246792,3839
Michigan,2021-07-02,134,-4,9986857,246926,3835
Michigan,2021-07-03,0,0,9986857,246926,3835
Michigan,2021-07-04,0,0,9986857,246926,3835
Michigan,2021-07-05,0,0,9986857,246926,3835
Michigan,2021-07-06,533,22,9986857,247459,3857
Michigan,2021-07-07,0,0,9986857,247459,3857
Michigan,2021-07-08,0,0,9986857,247459,3857
Michigan,2021-07-09,837,28,9986857,248296,3885
Michigan,2021-07-10,0,0,9986857,248296,3885
Michigan,2021-07-11,0,0,9986857,248296,3885
Michigan,2021-07-12,0,0,9986857,248296,3885
Michigan,2021-07-13,743,33,9986857,249039,3918
Michigan,2021-07-14,0,0,9986857,249039,3918
Michigan,2021-07-15,0,0,9986857,249039,3918
Michigan,2021-07-16,944,17,9986857,249983,3935
Michigan,2021-07-17,0,0,9986857,249983,3935
Michigan,2021-07-18,0,0,9986857,249983,3935
Michigan,2021-07-19,0,0,9986857,249983,3935
Michigan,2021-07-20,1198,15,9986857,251181,3950
Michigan,2021-07-21,0,0,9986857,251181,3950
Michigan,2021-07-22,0,0,9986857,251181,3950
Michigan,2021-07-23,1730,22,9986857,252911,3972
Michigan,2021-07-24,0,0,9986857,252911,3972
Michigan,2021-07-25,0,0,9986857,252911,3972
Michigan,2021-07-26,0,0,9986857,252911,3972
Michigan,2021-07-27,2069,19,9986857,254980,3991
Michigan,2021-07-28,0,0,9986857,254980,3991
Michigan,2021-07-29,0,0,9986857,254980,3991
Michigan,2021-07-30,2677,23,9986857,257657,4014
Michigan,2021-07-31,0,0,9986857,257657,4014
Michigan,2021-08-01,0,0,9986857,257657,4014
Michigan,2021-08-02,0,0,9986857,257657,4014
Michigan,2021-08-03,2981,28,9986857,260638,4042
Michigan,2021-08-04,0,0,9986857,260638,4042
Michigan,2021-08-05,0,0,9986857,260638,4042
Michigan,2021-08-06,4514,5,9986857,265152,4047
Michigan,2021-08-07,0,0,9986857,265152,4047
Michigan,2021-08-08,0,0,9986857,265152,4047
Michigan,2021-08-09,3080,7,9986857,268232,4054
Michigan,2021-08-10,0,0,9986857,268232,4054
Michigan,2021-08-11,3322,24,9986857,271554,4078
Michigan,2021-08-12,0,0,9986857,271554,4078
Michigan,2021-08-13,3627,32,9986857,275181,4110
Michigan,2021-08-14,0,0,9986857,275181,4110
Michigan,2021-08-15,0,0,9986857,275181,4110
Michigan,2021-08-16,3890,20,9986857,279071,4130
Michigan,2021-08-17,0,0,9986857,279071,4130
Michigan,2021-08-18,3307,49,9986857,282378,4179
Michigan,2021-08-19,0,0,9986857,282378,4179
Michigan,2021-08-20,4846,40,9986857,287224,4219
Michigan,2021-08-21,0,0,9986857,287224,4219
Michigan,2021-08-22,0,0,9986857,287224,4219
Michigan,2021-08-23,4285,12,9986857,291509,4231
Michigan,2021-08-24,0,0,9986857,291509,4231
Michigan,2021-08-25,5195,41,9986857,296704,4272
Michigan,2021-08-26,0,0,9986857,296704,4272
Michigan,2021-08-27,4556,74,9986857,301260,4346
Michigan,2021-08-28,0,0,9986857,301260,4346
Michigan,2021-08-29,0,0,9986857,301260,4346
Michigan,2021-08-30,5634,27,9986857,306894,4373
Michigan,2021-08-31,0,0,9986857,306894,4373
Michigan,2021-09-01,5328,69,9986857,312222,4442
Michigan,2021-09-02,0,0,9986857,312222,4442
Michigan,2021-09-03,5292,56,9986857,317514,4498
Michigan,2021-09-04,0,0,9986857,317514,4498
Minnesota,2021-04-02,2536,4,5639632,2536,4
Minnesota,2021-04-03,2064,11,5639632,4600,15
Minnesota,2021-04-04,0,0,5639632,4600,15
Minnesota,2021-04-05,1383,10,5639632,5983,25
Minnesota,2021-04-06,3012,4,5639632,8995,29
Minnesota,2021-04-07,1996,19,5639632,10991,48
Minnesota,2021-04-08,2524,14,5639632,13515,62
Minnesota,2021-04-09,2646,10,5639632,16161,72
Minnesota,2021-04-10,2449,12,5639632,18610,84
Minnesota,2021-04-11,1776,13,5639632,20386,97
Minnesota,2021-04-12,1993,2,5639632,22379,99
Minnesota,2021-04-13,1358,3,5639632,23737,102
Minnesota,2021-04-14,1697,16,5639632,25434,118
Minnesota,2021-04-15,2729,11,5639632,28163,129
Minnesota,2021-04-16,2287,6,5639632,30450,135
Minnesota,2021-04-17,2419,10,5639632,32869,145
Minnesota,2021-04-18,1845,15,5639632,34714,160
Minnesota,2021-04-19,1284,6,5639632,35998,166
Minnesota,2021-04-20,1185,5,5639632,37183,171
Minnesota,2021-04-21,1600,13,5639632,38783,184
Minnesota,2021-04-22,1970,10,5639632,40753,194
Minnesota,2021-04-23,2164,10,5639632,42917,204
Minnesota,2021-04-24,2103,8,5639632,45020,212
Minnesota,2021-04-25,1556,7,5639632,46576,219
Minnesota,2021-04-26,1197,0,5639632,47773,219
Minnesota,2021-04-27,1078,12,5639632,48851,231
Minnesota,2021-04-28,1507,22,5639632,50358,253
Minnesota,2021-04-29,1913,30,5639632,52271,283
Minnesota,2021-04-30,1874,16,5639632,54145,299
Minnesota,2021-05-01,1712,10,5639632,55857,309
Minnesota,2021-05-02,1711,6,5639632,57568,315
Minnesota,2021-05-03,1105,3,5639632,58673,318
Minnesota,2021-05-04,995,11,5639632,59668,329
Minnesota,2021-05-05,1241,17,5639632,60909,346
Minnesota,2021-05-06,1651,13,5639632,62560,359
Minnesota,2021-05-07,1450,12,5639632,64010,371
Minnesota,2021-05-08,1282,8,5639632,65292,379
Minnesota,2021-05-09,803,7,5639632,66095,386
Minnesota,2021-05-10,1190,0,5639632,67285,386
Minnesota,2021-05-11,575,9,5639632,67860,395
Minnesota,2021-05-12,909,15,5639632,68769,410
Minnesota,2021-05-13,1009,19,5639632,69778,429
Minnesota,2021-05-14,1305,9,5639632,71083,438
Minnesota,2021-05-15,872,3,5639632,71955,441
Minnesota,2021-05-16,805,10,5639632,72760,451
Minnesota,2021-05-17,589,0,5639632,73349,451
Minnesota,2021-05-18,516,14,5639632,73865,465
Minnesota,2021-05-19,654,15,5639632,74519,480
Minnesota,2021-05-20,866,8,5639632,75385,488
Minnesota,2021-05-21,679,21,5639632,76064,509
Minnesota,2021-05-22,596,9,5639632,76660,518
Minnesota,2021-05-23,439,7,5639632,77099,525
Minnesota,2021-05-24,468,0,5639632,77567,525
Minnesota,2021-05-25,243,11,5639632,77810,536
Minnesota,2021-05-26,432,12,5639632,78242,548
Minnesota,2021-05-27,499,10,5639632,78741,558
Minnesota,2021-05-28,359,5,5639632,79100,563
Minnesota,2021-05-29,338,10,5639632,79438,573
Minnesota,2021-05-30,279,8,5639632,79717,581
Minnesota,2021-05-31,0,0,5639632,79717,581
Minnesota,2021-06-01,133,1,5639632,79850,582
Minnesota,2021-06-02,128,0,5639632,79978,582
Minnesota,2021-06-03,236,10,5639632,80214,592
Minnesota,2021-06-04,253,8,5639632,80467,600
Minnesota,2021-06-05,294,16,5639632,80761,616
Minnesota,2021-06-06,258,4,5639632,81019,620
Minnesota,2021-06-07,194,2,5639632,81213,622
Minnesota,2021-06-08,125,2,5639632,81338,624
Minnesota,2021-06-09,139,8,5639632,81477,632
Minnesota,2021-06-10,161,7,5639632,81638,639
Minnesota,2021-06-11,161,12,5639632,81799,651
Minnesota,2021-06-12,148,7,5639632,81947,658
Minnesota,2021-06-13,146,9,5639632,82093,667
Minnesota,2021-06-14,116,5,5639632,82209,672
Minnesota,2021-06-15,90,1,5639632,82299,673
Minnesota,2021-06-16,86,5,5639632,82385,678
Minnesota,2021-06-17,132,4,5639632,82517,682
Minnesota,2021-06-18,107,4,5639632,82624,686
Minnesota,2021-06-19,115,5,5639632,82739,691
Minnesota,2021-06-20,103,9,5639632,82842,700
Minnesota,2021-06-21,99,4,5639632,82941,704
Minnesota,2021-06-22,79,1,5639632,83020,705
Minnesota,2021-06-23,71,5,5639632,83091,710
Minnesota,2021-06-24,121,6,5639632,83212,716
Minnesota,2021-06-25,92,11,5639632,83304,727
Minnesota,2021-06-26,69,6,5639632,83373,733
Minnesota,2021-06-27,97,4,5639632,83470,737
Minnesota,2021-06-28,81,5,5639632,83551,742
Minnesota,2021-06-29,79,0,5639632,83630,742
Minnesota,2021-06-30,68,7,5639632,83698,749
Minnesota,2021-07-01,83,5,5639632,83781,754
Minnesota,2021-07-02,101,6,5639632,83882,760
Minnesota,2021-07-03,111,5,5639632,83993,765
Minnesota,2021-07-04,0,0,5639632,83993,765
Minnesota,2021-07-05,0,0,5639632,83993,765
Minnesota,2021-07-06,143,5,5639632,84136,770
Minnesota,2021-07-07,231,0,5639632,84367,770
Minnesota,2021-07-08,124,2,5639632,84491,772
Minnesota,2021-07-09,139,5,5639632,84630,777
Minnesota,2021-07-10,0,0,5639632,84630,777
Minnesota,2021-07-11,0,0,5639632,84630,777
Minnesota,2021-07-12,187,2,5639632,84817,779
Minnesota,2021-07-13,386,3,5639632,85203,782
Minnesota,2021-07-14,199,3,5639632,85402,785
Minnesota,2021-07-15,209,2,5639632,85611,787
Minnesota,2021-07-16,246,3,5639632,85857,790
Minnesota,2021-07-17,0,0,5639632,85857,790
Minnesota,2021-07-18,0,0,5639632,85857,790
Minnesota,2021-07-19,260,3,5639632,86117,793
Minnesota,2021-07-20,621,1,5639632,86738,794
Minnesota,2021-07-21,273,5,5639632,87011,799
Minnesota,2021-07-22,338,4,5639632,87349,803
Minnesota,2021-07-23,371,2,5639632,87720,805
Minnesota,2021-07-24,0,0,5639632,87720,805
Minnesota,2021-07-25,0,0,5639632,87720,805
Minnesota,2021-07-26,423,3,5639632,88143,808
Minnesota,2021-07-27,1029,3,5639632,89172,811
Minnesota,2021-07-28,619,4,5639632,89791,815
Minnesota,2021-07-29,543,3,5639632,90334,818
Minnesota,2021-07-30,700,5,5639632,91034,823
Minnesota,2021-07-31,0,0,5639632,91034,823
Minnesota,2021-08-01,0,0,5639632,91034,823
Minnesota,2021-08-02,624,6,5639632,91658,829
Minnesota,2021-08-03,1665,4,5639632,93323,833
Minnesota,2021-08-04,933,5,5639632,94256,838
Minnesota,2021-08-05,861,5,5639632,95117,843
Minnesota,2021-08-06,1004,6,5639632,96121,849
Minnesota,2021-08-07,0,0,5639632,96121,849
Minnesota,2021-08-08,0,0,5639632,96121,849
Minnesota,2021-08-09,1118,4,5639632,97239,853
Minnesota,2021-08-10,1685,7,5639632,98924,860
Minnesota,2021-08-11,1625,10,5639632,100549,870
Minnesota,2021-08-12,1311,8,5639632,101860,878
Minnesota,2021-08-13,1324,6,5639632,103184,884
Minnesota,2021-08-14,0,0,5639632,103184,884
Minnesota,2021-08-15,0,0,5639632,103184,884
Minnesota,2021-08-16,1459,5,5639632,104643,889
Minnesota,2021-08-17,3044,3,5639632,107687,892
Minnesota,2021-08-18,1158,5,5639632,108845,897
Minnesota,2021-08-19,1346,8,5639632,110191,905
Minnesota,2021-08-20,1698,10,5639632,111889,915
Minnesota,2021-08-21,0,0,5639632,111889,915
Minnesota,2021-08-22,0,0,5639632,111889,915
Minnesota,2021-08-23,1666,7,5639632,113555,922
Minnesota,2021-08-24,3837,8,5639632,117392,930
Minnesota,2021-08-25,1400,7,5639632,118792,937
Minnesota,2021-08-26,1829,11,5639632,120621,948
Minnesota,2021-08-27,1902,6,5639632,122523,954
Minnesota,2021-08-28,0,0,5639632,122523,954
Minnesota,2021-08-29,0,0,5639632,122523,954
Minnesota,2021-08-30,1904,6,5639632,124427,960
Minnesota,2021-08-31,3870,6,5639632,128297,966
Minnesota,2021-09-01,1424,6,5639632,129721,972
Minnesota,2021-09-02,1900,22,5639632,131621,994
Minnesota,2021-09-03,2130,5,5639632,133751,999
Minnesota,2021-09-04,0,0,5639632,133751,999
Mississippi,2021-04-02,284,3,2976149,284,3
Mississippi,2021-04-03,290,4,2976149,574,7
Mississippi,2021-04-04,97,0,2976149,671,7
Mississippi,2021-04-05,70,0,2976149,741,7
Mississippi,2021-04-06,183,18,2976149,924,25
Mississippi,2021-04-07,270,4,2976149,1194,29
Mississippi,2021-04-08,240,5,2976149,1434,34
Mississippi,2021-04-09,243,4,2976149,1677,38
Mississippi,2021-04-10,238,9,2976149,1915,47
Mississippi,2021-04-11,117,1,2976149,2032,48
Mississippi,2021-04-12,70,0,2976149,2102,48
Mississippi,2021-04-13,317,23,2976149,2419,71
Mississippi,2021-04-14,275,3,2976149,2694,74
Mississippi,2021-04-15,410,5,2976149,3104,79
Mississippi,2021-04-16,216,12,2976149,3320,91
Mississippi,2021-04-17,292,14,2976149,3612,105
Mississippi,2021-04-18,157,0,2976149,3769,105
Mississippi,2021-04-19,37,0,2976149,3806,105
Mississippi,2021-04-20,362,8,2976149,4168,113
Mississippi,2021-04-21,233,2,2976149,4401,115
Mississippi,2021-04-22,319,10,2976149,4720,125
Mississippi,2021-04-23,212,2,2976149,4932,127
Mississippi,2021-04-24,0,0,2976149,4932,127
Mississippi,2021-04-25,0,0,2976149,4932,127
Mississippi,2021-04-26,638,3,2976149,5570,130
Mississippi,2021-04-27,172,10,2976149,5742,140
Mississippi,2021-04-28,334,5,2976149,6076,145
Mississippi,2021-04-29,161,2,2976149,6237,147
Mississippi,2021-04-30,246,4,2976149,6483,151
Mississippi,2021-05-01,0,0,2976149,6483,151
Mississippi,2021-05-02,0,0,2976149,6483,151
Mississippi,2021-05-03,500,8,2976149,6983,159
Mississippi,2021-05-04,208,14,2976149,7191,173
Mississippi,2021-05-05,104,2,2976149,7295,175
Mississippi,2021-05-06,214,3,2976149,7509,178
Mississippi,2021-05-07,240,2,2976149,7749,180
Mississippi,2021-05-08,0,0,2976149,7749,180
Mississippi,2021-05-09,0,0,2976149,7749,180
Mississippi,2021-05-10,509,6,2976149,8258,186
Mississippi,2021-05-11,267,6,2976149,8525,192
Mississippi,2021-05-12,205,4,2976149,8730,196
Mississippi,2021-05-13,362,3,2976149,9092,199
Mississippi,2021-05-14,201,7,2976149,9293,206
Mississippi,2021-05-15,0,0,2976149,9293,206
Mississippi,2021-05-16,0,0,2976149,9293,206
Mississippi,2021-05-17,316,3,2976149,9609,209
Mississippi,2021-05-18,608,11,2976149,10217,220
Mississippi,2021-05-19,257,1,2976149,10474,221
Mississippi,2021-05-20,276,9,2976149,10750,230
Mississippi,2021-05-21,105,1,2976149,10855,231
Mississippi,2021-05-22,0,0,2976149,10855,231
Mississippi,2021-05-23,0,0,2976149,10855,231
Mississippi,2021-05-24,482,6,2976149,11337,237
Mississippi,2021-05-25,157,13,2976149,11494,250
Mississippi,2021-05-26,154,4,2976149,11648,254
Mississippi,2021-05-27,211,2,2976149,11859,256
Mississippi,2021-05-28,131,6,2976149,11990,262
Mississippi,2021-05-29,0,0,2976149,11990,262
Mississippi,2021-05-30,0,0,2976149,11990,262
Mississippi,2021-05-31,306,6,2976149,12296,268
Mississippi,2021-06-01,42,2,2976149,12338,270
Mississippi,2021-06-02,101,4,2976149,12439,274
Mississippi,2021-06-03,192,2,2976149,12631,276
Mississippi,2021-06-04,141,1,2976149,12772,277
Mississippi,2021-06-05,0,0,2976149,12772,277
Mississippi,2021-06-06,0,0,2976149,12772,277
Mississippi,2021-06-07,332,8,2976149,13104,285
Mississippi,2021-06-08,57,10,2976149,13161,295
Mississippi,2021-06-09,107,4,2976149,13268,299
Mississippi,2021-06-10,194,1,2976149,13462,300
Mississippi,2021-06-11,236,5,2976149,13698,305
Mississippi,2021-06-12,0,0,2976149,13698,305
Mississippi,2021-06-13,0,0,2976149,13698,305
Mississippi,2021-06-14,266,1,2976149,13964,306
Mississippi,2021-06-15,47,7,2976149,14011,313
Mississippi,2021-06-16,83,7,2976149,14094,320
Mississippi,2021-06-17,193,1,2976149,14287,321
Mississippi,2021-06-18,244,2,2976149,14531,323
Mississippi,2021-06-19,0,0,2976149,14531,323
Mississippi,2021-06-20,0,0,2976149,14531,323
Mississippi,2021-06-21,159,7,2976149,14690,330
Mississippi,2021-06-22,67,12,2976149,14757,342
Mississippi,2021-06-23,118,0,2976149,14875,342
Mississippi,2021-06-24,302,1,2976149,15177,343
Mississippi,2021-06-25,243,4,2976149,15420,347
Mississippi,2021-06-26,0,0,2976149,15420,347
Mississippi,2021-06-27,0,0,2976149,15420,347
Mississippi,2021-06-28,301,6,2976149,15721,353
Mississippi,2021-06-29,270,11,2976149,15991,364
Mississippi,2021-06-30,356,0,2976149,16347,364
Mississippi,2021-07-01,180,3,2976149,16527,367
Mississippi,2021-07-02,242,4,2976149,16769,371
Mississippi,2021-07-03,0,0,2976149,16769,371
Mississippi,2021-07-04,0,0,2976149,16769,371
Mississippi,2021-07-05,0,0,2976149,16769,371
Mississippi,2021-07-06,649,6,2976149,17418,377
Mississippi,2021-07-07,379,11,2976149,17797,388
Mississippi,2021-07-08,427,1,2976149,18224,389
Mississippi,2021-07-09,416,2,2976149,18640,391
Mississippi,2021-07-10,0,0,2976149,18640,391
Mississippi,2021-07-11,0,0,2976149,18640,391
Mississippi,2021-07-12,796,2,2976149,19436,393
Mississippi,2021-07-13,219,10,2976149,19655,403
Mississippi,2021-07-14,641,5,2976149,20296,408
Mississippi,2021-07-15,557,4,2976149,20853,412
Mississippi,2021-07-16,534,5,2976149,21387,417
Mississippi,2021-07-17,0,0,2976149,21387,417
Mississippi,2021-07-18,0,0,2976149,21387,417
Mississippi,2021-07-19,2326,3,2976149,23713,420
Mississippi,2021-07-20,573,9,2976149,24286,429
Mississippi,2021-07-21,961,8,2976149,25247,437
Mississippi,2021-07-22,1199,9,2976149,26446,446
Mississippi,2021-07-23,1317,8,2976149,27763,454
Mississippi,2021-07-24,0,0,2976149,27763,454
Mississippi,2021-07-25,0,0,2976149,27763,454
Mississippi,2021-07-26,3608,6,2976149,31371,460
Mississippi,2021-07-27,1291,15,2976149,32662,475
Mississippi,2021-07-28,1875,6,2976149,34537,481
Mississippi,2021-07-29,1908,4,2976149,36445,485
Mississippi,2021-07-30,1643,10,2976149,38088,495
Mississippi,2021-07-31,0,0,2976149,38088,495
Mississippi,2021-08-01,0,0,2976149,38088,495
Mississippi,2021-08-02,4991,13,2976149,43079,508
Mississippi,2021-08-03,1574,34,2976149,44653,542
Mississippi,2021-08-04,2821,7,2976149,47474,549
Mississippi,2021-08-05,3164,16,2976149,50638,565
Mississippi,2021-08-06,2094,8,2976149,52732,573
Mississippi,2021-08-07,0,0,2976149,52732,573
Mississippi,2021-08-08,0,0,2976149,52732,573
Mississippi,2021-08-09,6912,28,2976149,59644,601
Mississippi,2021-08-10,3488,36,2976149,63132,637
Mississippi,2021-08-11,3163,25,2976149,66295,662
Mississippi,2021-08-12,4412,20,2976149,70707,682
Mississippi,2021-08-13,5023,31,2976149,75730,713
Mississippi,2021-08-14,0,0,2976149,75730,713
Mississippi,2021-08-15,0,0,2976149,75730,713
Mississippi,2021-08-16,7839,52,2976149,83569,765
Mississippi,2021-08-17,3323,67,2976149,86892,832
Mississippi,2021-08-18,4085,36,2976149,90977,868
Mississippi,2021-08-19,4807,21,2976149,95784,889
Mississippi,2021-08-20,5048,54,2976149,100832,943
Mississippi,2021-08-21,0,0,2976149,100832,943
Mississippi,2021-08-22,0,0,2976149,100832,943
Mississippi,2021-08-23,7249,56,2976149,108081,999
Mississippi,2021-08-24,3291,111,2976149,111372,1110
Mississippi,2021-08-25,3385,22,2976149,114757,1132
Mississippi,2021-08-26,3425,34,2976149,118182,1166
Mississippi,2021-08-27,4041,65,2976149,122223,1231
Mississippi,2021-08-28,0,0,2976149,122223,1231
Mississippi,2021-08-29,0,0,2976149,122223,1231
Mississippi,2021-08-30,7971,82,2976149,130194,1313
Mississippi,2021-08-31,1111,48,2976149,131305,1361
Mississippi,2021-09-01,2939,81,2976149,134244,1442
Mississippi,2021-09-02,3850,17,2976149,138094,1459
Mississippi,2021-09-03,3352,33,2976149,141446,1492
Mississippi,2021-09-04,0,0,2976149,141446,1492
Missouri,2021-04-02,751,2,6626371,751,2
Missouri,2021-04-03,560,5,6626371,1311,7
Missouri,2021-04-04,537,0,6626371,1848,7
Missouri,2021-04-05,327,1,6626371,2175,8
Missouri,2021-04-06,576,9,6626371,2751,17
Missouri,2021-04-07,775,2,6626371,3526,19
Missouri,2021-04-08,792,1,6626371,4318,20
Missouri,2021-04-09,778,-1,6626371,5096,19
Missouri,2021-04-10,670,6,6626371,5766,25
Missouri,2021-04-11,480,1,6626371,6246,26
Missouri,2021-04-12,336,2,6626371,6582,28
Missouri,2021-04-13,664,83,6626371,7246,111
Missouri,2021-04-14,826,25,6626371,8072,136
Missouri,2021-04-15,755,5,6626371,8827,141
Missouri,2021-04-16,847,5,6626371,9674,146
Missouri,2021-04-17,-8492,4,6626371,1182,150
Missouri,2021-04-18,379,0,6626371,1561,150
Missouri,2021-04-19,385,1,6626371,1946,151
Missouri,2021-04-20,657,39,6626371,2603,190
Missouri,2021-04-21,718,7,6626371,3321,197
Missouri,2021-04-22,809,8,6626371,4130,205
Missouri,2021-04-23,838,1,6626371,4968,206
Missouri,2021-04-24,785,7,6626371,5753,213
Missouri,2021-04-25,384,3,6626371,6137,216
Missouri,2021-04-26,284,2,6626371,6421,218
Missouri,2021-04-27,571,39,6626371,6992,257
Missouri,2021-04-28,803,13,6626371,7795,270
Missouri,2021-04-29,798,3,6626371,8593,273
Missouri,2021-04-30,664,6,6626371,9257,279
Missouri,2021-05-01,1050,7,6626371,10307,286
Missouri,2021-05-02,787,3,6626371,11094,289
Missouri,2021-05-03,357,2,6626371,11451,291
Missouri,2021-05-04,549,59,6626371,12000,350
Missouri,2021-05-05,604,6,6626371,12604,356
Missouri,2021-05-06,645,4,6626371,13249,360
Missouri,2021-05-07,595,2,6626371,13844,362
Missouri,2021-05-08,534,3,6626371,14378,365
Missouri,2021-05-09,339,2,6626371,14717,367
Missouri,2021-05-10,247,4,6626371,14964,371
Missouri,2021-05-11,410,14,6626371,15374,385
Missouri,2021-05-12,538,8,6626371,15912,393
Missouri,2021-05-13,639,6,6626371,16551,399
Missouri,2021-05-14,471,8,6626371,17022,407
Missouri,2021-05-15,459,4,6626371,17481,411
Missouri,2021-05-16,292,0,6626371,17773,411
Missouri,2021-05-17,197,1,6626371,17970,412
Missouri,2021-05-18,428,116,6626371,18398,528
Missouri,2021-05-19,450,16,6626371,18848,544
Missouri,2021-05-20,566,5,6626371,19414,549
Missouri,2021-05-21,568,9,6626371,19982,558
Missouri,2021-05-22,538,3,6626371,20520,561
Missouri,2021-05-23,274,0,6626371,20794,561
Missouri,2021-05-24,206,0,6626371,21000,561
Missouri,2021-05-25,469,43,6626371,21469,604
Missouri,2021-05-26,449,18,6626371,21918,622
Missouri,2021-05-27,689,9,6626371,22607,631
Missouri,2021-05-28,614,5,6626371,23221,636
Missouri,2021-05-29,474,1,6626371,23695,637
Missouri,2021-05-30,244,0,6626371,23939,637
Missouri,2021-05-31,170,2,6626371,24109,639
Missouri,2021-06-01,181,1,6626371,24290,640
Missouri,2021-06-02,488,38,6626371,24778,678
Missouri,2021-06-03,616,7,6626371,25394,685
Missouri,2021-06-04,689,10,6626371,26083,695
Missouri,2021-06-05,507,4,6626371,26590,699
Missouri,2021-06-06,-392,-1,6626371,26198,698
Missouri,2021-06-07,751,3,6626371,26949,701
Missouri,2021-06-08,724,33,6626371,27673,734
Missouri,2021-06-09,624,15,6626371,28297,749
Missouri,2021-06-10,675,3,6626371,28972,752
Missouri,2021-06-11,645,3,6626371,29617,755
Missouri,2021-06-12,555,1,6626371,30172,756
Missouri,2021-06-13,404,0,6626371,30576,756
Missouri,2021-06-14,310,3,6626371,30886,759
Missouri,2021-06-15,582,20,6626371,31468,779
Missouri,2021-06-16,862,2,6626371,32330,781
Missouri,2021-06-17,761,5,6626371,33091,786
Missouri,2021-06-18,919,1,6626371,34010,787
Missouri,2021-06-19,616,2,6626371,34626,789
Missouri,2021-06-20,492,0,6626371,35118,789
Missouri,2021-06-21,430,1,6626371,35548,790
Missouri,2021-06-22,785,15,6626371,36333,805
Missouri,2021-06-23,841,4,6626371,37174,809
Missouri,2021-06-24,1238,1,6626371,38412,810
Missouri,2021-06-25,891,4,6626371,39303,814
Missouri,2021-06-26,789,3,6626371,40092,817
Missouri,2021-06-27,624,0,6626371,40716,817
Missouri,2021-06-28,442,0,6626371,41158,817
Missouri,2021-06-29,933,41,6626371,42091,858
Missouri,2021-06-30,1325,9,6626371,43416,867
Missouri,2021-07-01,1286,5,6626371,44702,872
Missouri,2021-07-02,1173,17,6626371,45875,889
Missouri,2021-07-03,229,8,6626371,46104,897
Missouri,2021-07-04,1258,2,6626371,47362,899
Missouri,2021-07-05,1002,0,6626371,48364,899
Missouri,2021-07-06,766,0,6626371,49130,899
Missouri,2021-07-07,1659,30,6626371,50789,929
Missouri,2021-07-08,1665,4,6626371,52454,933
Missouri,2021-07-09,2142,7,6626371,54596,940
Missouri,2021-07-10,1597,5,6626371,56193,945
Missouri,2021-07-11,1095,0,6626371,57288,945
Missouri,2021-07-12,213,1,6626371,57501,946
Missouri,2021-07-13,2287,52,6626371,59788,998
Missouri,2021-07-14,2255,15,6626371,62043,1013
Missouri,2021-07-15,2814,10,6626371,64857,1023
Missouri,2021-07-16,2334,7,6626371,67191,1030
Missouri,2021-07-17,2395,5,6626371,69586,1035
Missouri,2021-07-18,1365,0,6626371,70951,1035
Missouri,2021-07-19,1037,3,6626371,71988,1038
Missouri,2021-07-20,2116,41,6626371,74104,1079
Missouri,2021-07-21,2930,8,6626371,77034,1087
Missouri,2021-07-22,3278,8,6626371,80312,1095
Missouri,2021-07-23,2791,15,6626371,83103,1110
Missouri,2021-07-24,3238,10,6626371,86341,1120
Missouri,2021-07-25,1531,0,6626371,87872,1120
Missouri,2021-07-26,1138,2,6626371,89010,1122
Missouri,2021-07-27,2541,62,6626371,91551,1184
Missouri,2021-07-28,2835,24,6626371,94386,1208
Missouri,2021-07-29,3079,5,6626371,97465,1213
Missouri,2021-07-30,3957,9,6626371,101422,1222
Missouri,2021-07-31,2745,18,6626371,104167,1240
Missouri,2021-08-01,1925,3,6626371,106092,1243
Missouri,2021-08-02,1201,4,6626371,107293,1247
Missouri,2021-08-03,2667,87,6626371,109960,1334
Missouri,2021-08-04,4360,26,6626371,114320,1360
Missouri,2021-08-05,4048,24,6626371,118368,1384
Missouri,2021-08-06,3166,22,6626371,121534,1406
Missouri,2021-08-07,2664,9,6626371,124198,1415
Missouri,2021-08-08,1834,1,6626371,126032,1416
Missouri,2021-08-09,1219,0,6626371,127251,1416
Missouri,2021-08-10,2452,138,6626371,129703,1554
Missouri,2021-08-11,4104,16,6626371,133807,1570
Missouri,2021-08-12,3633,20,6626371,137440,1590
Missouri,2021-08-13,2848,8,6626371,140288,1598
Missouri,2021-08-14,3255,20,6626371,143543,1618
Missouri,2021-08-15,1661,1,6626371,145204,1619
Missouri,2021-08-16,1346,1,6626371,146550,1620
Missouri,2021-08-17,2167,120,6626371,148717,1740
Missouri,2021-08-18,3087,9,6626371,151804,1749
Missouri,2021-08-19,3347,10,6626371,155151,1759
Missouri,2021-08-20,2738,17,6626371,157889,1776
Missouri,2021-08-21,2482,23,6626371,160371,1799
Missouri,2021-08-22,1733,3,6626371,162104,1802
Missouri,2021-08-23,1446,3,6626371,163550,1805
Missouri,2021-08-24,2305,163,6626371,165855,1968
Missouri,2021-08-25,2694,25,6626371,168549,1993
Missouri,2021-08-26,2902,13,6626371,171451,2006
Missouri,2021-08-27,2784,29,6626371,174235,2035
Missouri,2021-08-28,2450,14,6626371,176685,2049
Missouri,2021-08-29,1169,5,6626371,177854,2054
Missouri,2021-08-30,2163,1,6626371,180017,2055
Missouri,2021-08-31,1402,134,6626371,181419,2189
Missouri,2021-09-01,3083,41,6626371,184502,2230
Missouri,2021-09-02,3104,15,6626371,187606,2245
Missouri,2021-09-03,2740,19,6626371,190346,2264
Missouri,2021-09-04,2530,7,6626371,192876,2271
Montana,2021-04-02,128,16,1068778,128,16
Montana,2021-04-03,182,11,1068778,310,27
Montana,2021-04-04,107,1,1068778,417,28
Montana,2021-04-05,0,0,1068778,417,28
Montana,2021-04-06,191,11,1068778,608,39
Montana,2021-04-07,193,12,1068778,801,51
Montana,2021-04-08,224,5,1068778,1025,56
Montana,2021-04-09,224,27,1068778,1249,83
Montana,2021-04-10,168,2,1068778,1417,85
Montana,2021-04-11,41,0,1068778,1458,85
Montana,2021-04-12,70,1,1068778,1528,86
Montana,2021-04-13,173,2,1068778,1701,88
Montana,2021-04-14,205,0,1068778,1906,88
Montana,2021-04-15,192,2,1068778,2098,90
Montana,2021-04-16,118,9,1068778,2216,99
Montana,2021-04-17,148,8,1068778,2364,107
Montana,2021-04-18,56,1,1068778,2420,108
Montana,2021-04-19,57,0,1068778,2477,108
Montana,2021-04-20,177,6,1068778,2654,114
Montana,2021-04-21,158,5,1068778,2812,119
Montana,2021-04-22,181,0,1068778,2993,119
Montana,2021-04-23,155,2,1068778,3148,121
Montana,2021-04-24,175,4,1068778,3323,125
Montana,2021-04-25,49,0,1068778,3372,125
Montana,2021-04-26,14,0,1068778,3386,125
Montana,2021-04-27,176,3,1068778,3562,128
Montana,2021-04-28,202,1,1068778,3764,129
Montana,2021-04-29,174,3,1068778,3938,132
Montana,2021-04-30,154,1,1068778,4092,133
Montana,2021-05-01,168,3,1068778,4260,136
Montana,2021-05-02,45,0,1068778,4305,136
Montana,2021-05-03,62,0,1068778,4367,136
Montana,2021-05-04,223,3,1068778,4590,139
Montana,2021-05-05,140,1,1068778,4730,140
Montana,2021-05-06,133,2,1068778,4863,142
Montana,2021-05-07,149,12,1068778,5012,154
Montana,2021-05-08,152,0,1068778,5164,154
Montana,2021-05-09,35,0,1068778,5199,154
Montana,2021-05-10,11,0,1068778,5210,154
Montana,2021-05-11,172,1,1068778,5382,155
Montana,2021-05-12,210,2,1068778,5592,157
Montana,2021-05-13,112,2,1068778,5704,159
Montana,2021-05-14,131,1,1068778,5835,160
Montana,2021-05-15,84,0,1068778,5919,160
Montana,2021-05-16,41,0,1068778,5960,160
Montana,2021-05-17,38,0,1068778,5998,160
Montana,2021-05-18,138,4,1068778,6136,164
Montana,2021-05-19,131,0,1068778,6267,164
Montana,2021-05-20,33,2,1068778,6300,166
Montana,2021-05-21,136,0,1068778,6436,166
Montana,2021-05-22,7,-1,1068778,6443,165
Montana,2021-05-23,35,0,1068778,6478,165
Montana,2021-05-24,21,0,1068778,6499,165
Montana,2021-05-25,153,3,1068778,6652,168
Montana,2021-05-26,77,1,1068778,6729,169
Montana,2021-05-27,169,3,1068778,6898,172
Montana,2021-05-28,95,2,1068778,6993,174
Montana,2021-05-29,67,1,1068778,7060,175
Montana,2021-05-30,24,0,1068778,7084,175
Montana,2021-05-31,20,0,1068778,7104,175
Montana,2021-06-01,15,0,1068778,7119,175
Montana,2021-06-02,158,8,1068778,7277,183
Montana,2021-06-03,127,6,1068778,7404,189
Montana,2021-06-04,131,5,1068778,7535,194
Montana,2021-06-05,0,0,1068778,7535,194
Montana,2021-06-06,0,0,1068778,7535,194
Montana,2021-06-07,121,1,1068778,7656,195
Montana,2021-06-08,137,1,1068778,7793,196
Montana,2021-06-09,73,2,1068778,7866,198
Montana,2021-06-10,99,2,1068778,7965,200
Montana,2021-06-11,71,3,1068778,8036,203
Montana,2021-06-12,0,0,1068778,8036,203
Montana,2021-06-13,0,0,1068778,8036,203
Montana,2021-06-14,89,2,1068778,8125,205
Montana,2021-06-15,99,4,1068778,8224,209
Montana,2021-06-16,72,2,1068778,8296,211
Montana,2021-06-17,71,2,1068778,8367,213
Montana,2021-06-18,75,0,1068778,8442,213
Montana,2021-06-19,0,0,1068778,8442,213
Montana,2021-06-20,0,0,1068778,8442,213
Montana,2021-06-21,58,1,1068778,8500,214
Montana,2021-06-22,116,3,1068778,8616,217
Montana,2021-06-23,62,2,1068778,8678,219
Montana,2021-06-24,68,4,1068778,8746,223
Montana,2021-06-25,58,1,1068778,8804,224
Montana,2021-06-26,0,0,1068778,8804,224
Montana,2021-06-27,0,0,1068778,8804,224
Montana,2021-06-28,48,0,1068778,8852,224
Montana,2021-06-29,113,3,1068778,8965,227
Montana,2021-06-30,65,0,1068778,9030,227
Montana,2021-07-01,66,1,1068778,9096,228
Montana,2021-07-02,52,0,1068778,9148,228
Montana,2021-07-03,0,0,1068778,9148,228
Montana,2021-07-04,0,0,1068778,9148,228
Montana,2021-07-05,0,0,1068778,9148,228
Montana,2021-07-06,78,2,1068778,9226,230
Montana,2021-07-07,151,3,1068778,9377,233
Montana,2021-07-08,87,1,1068778,9464,234
Montana,2021-07-09,51,1,1068778,9515,235
Montana,2021-07-10,0,0,1068778,9515,235
Montana,2021-07-11,0,0,1068778,9515,235
Montana,2021-07-12,85,1,1068778,9600,236
Montana,2021-07-13,90,2,1068778,9690,238
Montana,2021-07-14,93,7,1068778,9783,245
Montana,2021-07-15,68,3,1068778,9851,248
Montana,2021-07-16,87,5,1068778,9938,253
Montana,2021-07-17,0,0,1068778,9938,253
Montana,2021-07-18,0,0,1068778,9938,253
Montana,2021-07-19,79,1,1068778,10017,254
Montana,2021-07-20,157,1,1068778,10174,255
Montana,2021-07-21,103,1,1068778,10277,256
Montana,2021-07-22,141,1,1068778,10418,257
Montana,2021-07-23,112,0,1068778,10530,257
Montana,2021-07-24,0,0,1068778,10530,257
Montana,2021-07-25,0,0,1068778,10530,257
Montana,2021-07-26,151,0,1068778,10681,257
Montana,2021-07-27,259,4,1068778,10940,261
Montana,2021-07-28,223,5,1068778,11163,266
Montana,2021-07-29,255,0,1068778,11418,266
Montana,2021-07-30,223,0,1068778,11641,266
Montana,2021-07-31,0,0,1068778,11641,266
Montana,2021-08-01,0,0,1068778,11641,266
Montana,2021-08-02,268,4,1068778,11909,270
Montana,2021-08-03,399,8,1068778,12308,278
Montana,2021-08-04,295,2,1068778,12603,280
Montana,2021-08-05,282,2,1068778,12885,282
Montana,2021-08-06,272,2,1068778,13157,284
Montana,2021-08-07,0,0,1068778,13157,284
Montana,2021-08-08,0,0,1068778,13157,284
Montana,2021-08-09,388,1,1068778,13545,285
Montana,2021-08-10,484,3,1068778,14029,288
Montana,2021-08-11,369,0,1068778,14398,288
Montana,2021-08-12,396,3,1068778,14794,291
Montana,2021-08-13,345,1,1068778,15139,292
Montana,2021-08-14,0,0,1068778,15139,292
Montana,2021-08-15,0,0,1068778,15139,292
Montana,2021-08-16,461,6,1068778,15600,298
Montana,2021-08-17,621,7,1068778,16221,305
Montana,2021-08-18,436,6,1068778,16657,311
Montana,2021-08-19,495,3,1068778,17152,314
Montana,2021-08-20,441,3,1068778,17593,317
Montana,2021-08-21,0,0,1068778,17593,317
Montana,2021-08-22,0,0,1068778,17593,317
Montana,2021-08-23,646,5,1068778,18239,322
Montana,2021-08-24,710,8,1068778,18949,330
Montana,2021-08-25,604,5,1068778,19553,335
Montana,2021-08-26,632,8,1068778,20185,343
Montana,2021-08-27,706,2,1068778,20891,345
Montana,2021-08-28,0,0,1068778,20891,345
Montana,2021-08-29,0,0,1068778,20891,345
Montana,2021-08-30,722,4,1068778,21613,349
Montana,2021-08-31,889,13,1068778,22502,362
Montana,2021-09-01,871,3,1068778,23373,365
Montana,2021-09-02,737,4,1068778,24110,369
Montana,2021-09-03,652,4,1068778,24762,373
Montana,2021-09-04,0,0,1068778,24762,373
Nebraska,2021-04-02,1343,0,1934408,1343,0
Nebraska,2021-04-03,331,0,1934408,1674,0
Nebraska,2021-04-04,242,0,1934408,1916,0
Nebraska,2021-04-05,146,0,1934408,2062,0
Nebraska,2021-04-06,299,2,1934408,2361,2
Nebraska,2021-04-07,528,0,1934408,2889,2
Nebraska,2021-04-08,403,24,1934408,3292,26
Nebraska,2021-04-09,386,12,1934408,3678,38
Nebraska,2021-04-10,436,1,1934408,4114,39
Nebraska,2021-04-11,197,0,1934408,4311,39
Nebraska,2021-04-12,144,1,1934408,4455,40
Nebraska,2021-04-13,331,5,1934408,4786,45
Nebraska,2021-04-14,392,0,1934408,5178,45
Nebraska,2021-04-15,309,-21,1934408,5487,24
Nebraska,2021-04-16,409,0,1934408,5896,24
Nebraska,2021-04-17,505,8,1934408,6401,32
Nebraska,2021-04-18,176,0,1934408,6577,32
Nebraska,2021-04-19,140,2,1934408,6717,34
Nebraska,2021-04-20,495,7,1934408,7212,41
Nebraska,2021-04-21,488,7,1934408,7700,48
Nebraska,2021-04-22,309,3,1934408,8009,51
Nebraska,2021-04-23,292,9,1934408,8301,60
Nebraska,2021-04-24,383,1,1934408,8684,61
Nebraska,2021-04-25,152,0,1934408,8836,61
Nebraska,2021-04-26,100,0,1934408,8936,61
Nebraska,2021-04-27,258,0,1934408,9194,61
Nebraska,2021-04-28,251,0,1934408,9445,61
Nebraska,2021-04-29,218,1,1934408,9663,62
Nebraska,2021-04-30,267,1,1934408,9930,63
Nebraska,2021-05-01,206,1,1934408,10136,64
Nebraska,2021-05-02,95,0,1934408,10231,64
Nebraska,2021-05-03,98,0,1934408,10329,64
Nebraska,2021-05-04,256,-1,1934408,10585,63
Nebraska,2021-05-05,239,1,1934408,10824,64
Nebraska,2021-05-06,213,4,1934408,11037,68
Nebraska,2021-05-07,220,5,1934408,11257,73
Nebraska,2021-05-08,194,-2,1934408,11451,71
Nebraska,2021-05-09,87,-1,1934408,11538,70
Nebraska,2021-05-10,66,-5,1934408,11604,65
Nebraska,2021-05-11,411,1,1934408,12015,66
Nebraska,2021-05-12,177,10,1934408,12192,76
Nebraska,2021-05-13,159,29,1934408,12351,105
Nebraska,2021-05-14,88,0,1934408,12439,105
Nebraska,2021-05-15,0,0,1934408,12439,105
Nebraska,2021-05-16,0,-8,1934408,12439,97
Nebraska,2021-05-17,177,-12,1934408,12616,85
Nebraska,2021-05-18,100,-10,1934408,12716,75
Nebraska,2021-05-19,64,-12,1934408,12780,63
Nebraska,2021-05-20,104,-4,1934408,12884,59
Nebraska,2021-05-21,104,8,1934408,12988,67
Nebraska,2021-05-22,0,0,1934408,12988,67
Nebraska,2021-05-23,0,0,1934408,12988,67
Nebraska,2021-05-24,170,1,1934408,13158,68
Nebraska,2021-05-25,72,-13,1934408,13230,55
Nebraska,2021-05-26,71,0,1934408,13301,55
Nebraska,2021-05-27,46,0,1934408,13347,55
Nebraska,2021-05-28,61,13,1934408,13408,68
Nebraska,2021-05-29,0,0,1934408,13408,68
Nebraska,2021-05-30,0,0,1934408,13408,68
Nebraska,2021-05-31,64,0,1934408,13472,68
Nebraska,2021-06-01,36,0,1934408,13508,68
Nebraska,2021-06-02,30,0,1934408,13538,68
Nebraska,2021-06-03,83,0,1934408,13621,68
Nebraska,2021-06-04,41,0,1934408,13662,68
Nebraska,2021-06-05,0,0,1934408,13662,68
Nebraska,2021-06-06,0,0,1934408,13662,68
Nebraska,2021-06-07,90,2,1934408,13752,70
Nebraska,2021-06-08,37,3,1934408,13789,73
Nebraska,2021-06-09,29,2,1934408,13818,75
Nebraska,2021-06-10,35,0,1934408,13853,75
Nebraska,2021-06-11,43,0,1934408,13896,75
Nebraska,2021-06-12,0,0,1934408,13896,75
Nebraska,2021-06-13,0,0,1934408,13896,75
Nebraska,2021-06-14,55,2,1934408,13951,77
Nebraska,2021-06-15,41,0,1934408,13992,77
Nebraska,2021-06-16,43,0,1934408,14035,77
Nebraska,2021-06-17,29,0,1934408,14064,77
Nebraska,2021-06-18,26,1,1934408,14090,78
Nebraska,2021-06-19,0,0,1934408,14090,78
Nebraska,2021-06-20,0,0,1934408,14090,78
Nebraska,2021-06-21,79,0,1934408,14169,78
Nebraska,2021-06-22,38,-2,1934408,14207,76
Nebraska,2021-06-23,53,2,1934408,14260,78
Nebraska,2021-06-24,50,0,1934408,14310,78
Nebraska,2021-06-25,20,0,1934408,14330,78
Nebraska,2021-06-26,0,0,1934408,14330,78
Nebraska,2021-06-27,0,0,1934408,14330,78
Nebraska,2021-06-28,104,0,1934408,14434,78
Nebraska,2021-06-29,74,2,1934408,14508,80
Nebraska,2021-06-30,84,0,1934408,14592,80
Nebraska,2021-07-01,0,0,1934408,14592,80
Nebraska,2021-07-02,194,0,1934408,14786,80
Nebraska,2021-07-03,0,0,1934408,14786,80
Nebraska,2021-07-04,0,0,1934408,14786,80
Nebraska,2021-07-05,0,0,1934408,14786,80
Nebraska,2021-07-06,191,1,1934408,14977,81
Nebraska,2021-07-07,0,0,1934408,14977,81
Nebraska,2021-07-08,196,0,1934408,15173,81
Nebraska,2021-07-09,102,0,1934408,15275,81
Nebraska,2021-07-10,0,0,1934408,15275,81
Nebraska,2021-07-11,0,0,1934408,15275,81
Nebraska,2021-07-12,0,0,1934408,15275,81
Nebraska,2021-07-13,306,3,1934408,15581,84
Nebraska,2021-07-14,123,2,1934408,15704,86
Nebraska,2021-07-15,111,3,1934408,15815,89
Nebraska,2021-07-16,150,5,1934408,15965,94
Nebraska,2021-07-17,0,0,1934408,15965,94
Nebraska,2021-07-18,0,0,1934408,15965,94
Nebraska,2021-07-19,0,0,1934408,15965,94
Nebraska,2021-07-20,446,6,1934408,16411,100
Nebraska,2021-07-21,135,4,1934408,16546,104
Nebraska,2021-07-22,164,-1,1934408,16710,103
Nebraska,2021-07-23,233,0,1934408,16943,103
Nebraska,2021-07-24,0,0,1934408,16943,103
Nebraska,2021-07-25,0,0,1934408,16943,103
Nebraska,2021-07-26,0,0,1934408,16943,103
Nebraska,2021-07-27,0,0,1934408,16943,103
Nebraska,2021-07-28,1009,-4,1934408,17952,99
Nebraska,2021-07-29,238,0,1934408,18190,99
Nebraska,2021-07-30,364,0,1934408,18554,99
Nebraska,2021-07-31,0,0,1934408,18554,99
Nebraska,2021-08-01,0,0,1934408,18554,99
Nebraska,2021-08-02,0,0,1934408,18554,99
Nebraska,2021-08-03,993,1,1934408,19547,100
Nebraska,2021-08-04,381,4,1934408,19928,104
Nebraska,2021-08-05,412,4,1934408,20340,108
Nebraska,2021-08-06,394,0,1934408,20734,108
Nebraska,2021-08-07,439,1,1934408,21173,109
Nebraska,2021-08-08,0,0,1934408,21173,109
Nebraska,2021-08-09,0,0,1934408,21173,109
Nebraska,2021-08-10,847,-3,1934408,22020,106
Nebraska,2021-08-11,483,-2,1934408,22503,104
Nebraska,2021-08-12,0,0,1934408,22503,104
Nebraska,2021-08-13,0,0,1934408,22503,104
Nebraska,2021-08-14,0,0,1934408,22503,104
Nebraska,2021-08-15,0,0,1934408,22503,104
Nebraska,2021-08-16,0,0,1934408,22503,104
Nebraska,2021-08-17,2676,17,1934408,25179,121
Nebraska,2021-08-18,611,0,1934408,25790,121
Nebraska,2021-08-19,660,0,1934408,26450,121
Nebraska,2021-08-20,409,0,1934408,26859,121
Nebraska,2021-08-21,737,0,1934408,27596,121
Nebraska,2021-08-22,0,0,1934408,27596,121
Nebraska,2021-08-23,0,0,1934408,27596,121
Nebraska,2021-08-24,1610,10,1934408,29206,131
Nebraska,2021-08-25,926,2,1934408,30132,133
Nebraska,2021-08-26,776,2,1934408,30908,135
Nebraska,2021-08-27,867,-1,1934408,31775,134
Nebraska,2021-08-28,827,4,1934408,32602,138
Nebraska,2021-08-29,0,0,1934408,32602,138
Nebraska,2021-08-30,0,0,1934408,32602,138
Nebraska,2021-08-31,1756,3,1934408,34358,141
Nebraska,2021-09-01,0,0,1934408,34358,141
Nebraska,2021-09-02,1964,17,1934408,36322,158
Nebraska,2021-09-03,1102,8,1934408,37424,166
Nebraska,2021-09-04,0,0,1934408,37424,166
Nevada,2021-04-02,342,4,3080156,342,4
Nevada,2021-04-03,462,14,3080156,804,18
Nevada,2021-04-04,260,0,3080156,1064,18
Nevada,2021-04-05,181,1,3080156,1245,19
Nevada,2021-04-06,295,22,3080156,1540,41
Nevada,2021-04-07,277,11,3080156,1817,52
Nevada,2021-04-08,386,5,3080156,2203,57
Nevada,2021-04-09,637,10,3080156,2840,67
Nevada,2021-04-10,752,9,3080156,3592,76
Nevada,2021-04-11,320,0,3080156,3912,76
Nevada,2021-04-12,319,0,3080156,4231,76
Nevada,2021-04-13,412,7,3080156,4643,83
Nevada,2021-04-14,395,14,3080156,5038,97
Nevada,2021-04-15,549,6,3080156,5587,103
Nevada,2021-04-16,536,6,3080156,6123,109
Nevada,2021-04-17,0,0,3080156,6123,109
Nevada,2021-04-18,0,0,3080156,6123,109
Nevada,2021-04-19,698,3,3080156,6821,112
Nevada,2021-04-20,381,9,3080156,7202,121
Nevada,2021-04-21,436,11,3080156,7638,132
Nevada,2021-04-22,528,12,3080156,8166,144
Nevada,2021-04-23,562,22,3080156,8728,166
Nevada,2021-04-24,0,0,3080156,8728,166
Nevada,2021-04-25,0,0,3080156,8728,166
Nevada,2021-04-26,840,11,3080156,9568,177
Nevada,2021-04-27,405,11,3080156,9973,188
Nevada,2021-04-28,390,4,3080156,10363,192
Nevada,2021-04-29,453,11,3080156,10816,203
Nevada,2021-04-30,510,5,3080156,11326,208
Nevada,2021-05-01,0,0,3080156,11326,208
Nevada,2021-05-02,0,0,3080156,11326,208
Nevada,2021-05-03,801,9,3080156,12127,217
Nevada,2021-05-04,476,7,3080156,12603,224
Nevada,2021-05-05,373,7,3080156,12976,231
Nevada,2021-05-06,394,3,3080156,13370,234
Nevada,2021-05-07,498,8,3080156,13868,242
Nevada,2021-05-08,0,0,3080156,13868,242
Nevada,2021-05-09,0,0,3080156,13868,242
Nevada,2021-05-10,800,8,3080156,14668,250
Nevada,2021-05-11,470,3,3080156,15138,253
Nevada,2021-05-12,464,6,3080156,15602,259
Nevada,2021-05-13,436,8,3080156,16038,267
Nevada,2021-05-14,389,7,3080156,16427,274
Nevada,2021-05-15,0,0,3080156,16427,274
Nevada,2021-05-16,0,0,3080156,16427,274
Nevada,2021-05-17,542,3,3080156,16969,277
Nevada,2021-05-18,287,7,3080156,17256,284
Nevada,2021-05-19,348,5,3080156,17604,289
Nevada,2021-05-20,302,5,3080156,17906,294
Nevada,2021-05-21,334,2,3080156,18240,296
Nevada,2021-05-22,0,0,3080156,18240,296
Nevada,2021-05-23,0,0,3080156,18240,296
Nevada,2021-05-24,405,7,3080156,18645,303
Nevada,2021-05-25,265,4,3080156,18910,307
Nevada,2021-05-26,227,7,3080156,19137,314
Nevada,2021-05-27,232,8,3080156,19369,322
Nevada,2021-05-28,267,8,3080156,19636,330
Nevada,2021-05-29,0,0,3080156,19636,330
Nevada,2021-05-30,0,0,3080156,19636,330
Nevada,2021-05-31,0,0,3080156,19636,330
Nevada,2021-06-01,514,4,3080156,20150,334
Nevada,2021-06-02,419,3,3080156,20569,337
Nevada,2021-06-03,350,6,3080156,20919,343
Nevada,2021-06-04,361,1,3080156,21280,344
Nevada,2021-06-05,0,0,3080156,21280,344
Nevada,2021-06-06,0,0,3080156,21280,344
Nevada,2021-06-07,627,7,3080156,21907,351
Nevada,2021-06-08,347,3,3080156,22254,354
Nevada,2021-06-09,217,7,3080156,22471,361
Nevada,2021-06-10,295,4,3080156,22766,365
Nevada,2021-06-11,262,1,3080156,23028,366
Nevada,2021-06-12,0,0,3080156,23028,366
Nevada,2021-06-13,0,0,3080156,23028,366
Nevada,2021-06-14,439,4,3080156,23467,370
Nevada,2021-06-15,252,5,3080156,23719,375
Nevada,2021-06-16,363,4,3080156,24082,379
Nevada,2021-06-17,296,7,3080156,24378,386
Nevada,2021-06-18,385,7,3080156,24763,393
Nevada,2021-06-19,0,0,3080156,24763,393
Nevada,2021-06-20,0,0,3080156,24763,393
Nevada,2021-06-21,640,-3,3080156,25403,390
Nevada,2021-06-22,400,7,3080156,25803,397
Nevada,2021-06-23,447,1,3080156,26250,398
Nevada,2021-06-24,448,10,3080156,26698,408
Nevada,2021-06-25,804,3,3080156,27502,411
Nevada,2021-06-26,0,0,3080156,27502,411
Nevada,2021-06-27,0,0,3080156,27502,411
Nevada,2021-06-28,915,3,3080156,28417,414
Nevada,2021-06-29,625,8,3080156,29042,422
Nevada,2021-06-30,558,3,3080156,29600,425
Nevada,2021-07-01,543,11,3080156,30143,436
Nevada,2021-07-02,508,5,3080156,30651,441
Nevada,2021-07-03,0,0,3080156,30651,441
Nevada,2021-07-04,0,0,3080156,30651,441
Nevada,2021-07-05,0,0,3080156,30651,441
Nevada,2021-07-06,1346,5,3080156,31997,446
Nevada,2021-07-07,453,3,3080156,32450,449
Nevada,2021-07-08,697,2,3080156,33147,451
Nevada,2021-07-09,813,13,3080156,33960,464
Nevada,2021-07-10,0,0,3080156,33960,464
Nevada,2021-07-11,0,0,3080156,33960,464
Nevada,2021-07-12,1673,10,3080156,35633,474
Nevada,2021-07-13,855,1,3080156,36488,475
Nevada,2021-07-14,692,6,3080156,37180,481
Nevada,2021-07-15,938,15,3080156,38118,496
Nevada,2021-07-16,866,6,3080156,38984,502
Nevada,2021-07-17,0,0,3080156,38984,502
Nevada,2021-07-18,0,0,3080156,38984,502
Nevada,2021-07-19,2067,3,3080156,41051,505
Nevada,2021-07-20,1004,0,3080156,42055,505
Nevada,2021-07-21,931,28,3080156,42986,533
Nevada,2021-07-22,942,8,3080156,43928,541
Nevada,2021-07-23,1003,20,3080156,44931,561
Nevada,2021-07-24,0,0,3080156,44931,561
Nevada,2021-07-25,0,0,3080156,44931,561
Nevada,2021-07-26,2400,20,3080156,47331,581
Nevada,2021-07-27,1124,17,3080156,48455,598
Nevada,2021-07-28,1179,20,3080156,49634,618
Nevada,2021-07-29,1345,26,3080156,50979,644
Nevada,2021-07-30,1310,12,3080156,52289,656
Nevada,2021-07-31,0,0,3080156,52289,656
Nevada,2021-08-01,0,0,3080156,52289,656
Nevada,2021-08-02,2531,6,3080156,54820,662
Nevada,2021-08-03,1215,11,3080156,56035,673
Nevada,2021-08-04,993,24,3080156,57028,697
Nevada,2021-08-05,1135,26,3080156,58163,723
Nevada,2021-08-06,1299,26,3080156,59462,749
Nevada,2021-08-07,0,0,3080156,59462,749
Nevada,2021-08-08,0,0,3080156,59462,749
Nevada,2021-08-09,3010,35,3080156,62472,784
Nevada,2021-08-10,1125,40,3080156,63597,824
Nevada,2021-08-11,916,16,3080156,64513,840
Nevada,2021-08-12,1221,24,3080156,65734,864
Nevada,2021-08-13,1280,40,3080156,67014,904
Nevada,2021-08-14,0,0,3080156,67014,904
Nevada,2021-08-15,0,0,3080156,67014,904
Nevada,2021-08-16,2523,30,3080156,69537,934
Nevada,2021-08-17,1002,33,3080156,70539,967
Nevada,2021-08-18,1429,25,3080156,71968,992
Nevada,2021-08-19,1413,11,3080156,73381,1003
Nevada,2021-08-20,1207,21,3080156,74588,1024
Nevada,2021-08-21,0,0,3080156,74588,1024
Nevada,2021-08-22,0,0,3080156,74588,1024
Nevada,2021-08-23,3066,26,3080156,77654,1050
Nevada,2021-08-24,1007,46,3080156,78661,1096
Nevada,2021-08-25,1362,24,3080156,80023,1120
Nevada,2021-08-26,1137,22,3080156,81160,1142
Nevada,2021-08-27,1287,35,3080156,82447,1177
Nevada,2021-08-28,0,0,3080156,82447,1177
Nevada,2021-08-29,0,0,3080156,82447,1177
Nevada,2021-08-30,2799,46,3080156,85246,1223
Nevada,2021-08-31,1242,31,3080156,86488,1254
Nevada,2021-09-01,1452,29,3080156,87940,1283
Nevada,2021-09-02,1136,26,3080156,89076,1309
Nevada,2021-09-03,1407,18,3080156,90483,1327
Nevada,2021-09-04,0,0,3080156,90483,1327
New Hampshire,2021-04-02,471,0,1359711,471,0
New Hampshire,2021-04-03,438,2,1359711,909,2
New Hampshire,2021-04-04,398,2,1359711,1307,4
New Hampshire,2021-04-05,279,0,1359711,1586,4
New Hampshire,2021-04-06,396,0,1359711,1982,4
New Hampshire,2021-04-07,414,1,1359711,2396,5
New Hampshire,2021-04-08,506,1,1359711,2902,6
New Hampshire,2021-04-09,537,2,1359711,3439,8
New Hampshire,2021-04-10,468,3,1359711,3907,11
New Hampshire,2021-04-11,408,1,1359711,4315,12
New Hampshire,2021-04-12,375,0,1359711,4690,12
New Hampshire,2021-04-13,376,0,1359711,5066,12
New Hampshire,2021-04-14,378,4,1359711,5444,16
New Hampshire,2021-04-15,542,3,1359711,5986,19
New Hampshire,2021-04-16,385,2,1359711,6371,21
New Hampshire,2021-04-17,369,0,1359711,6740,21
New Hampshire,2021-04-18,307,4,1359711,7047,25
New Hampshire,2021-04-19,197,0,1359711,7244,25
New Hampshire,2021-04-20,270,1,1359711,7514,26
New Hampshire,2021-04-21,342,2,1359711,7856,28
New Hampshire,2021-04-22,516,1,1359711,8372,29
New Hampshire,2021-04-23,320,7,1359711,8692,36
New Hampshire,2021-04-24,311,1,1359711,9003,37
New Hampshire,2021-04-25,279,2,1359711,9282,39
New Hampshire,2021-04-26,0,0,1359711,9282,39
New Hampshire,2021-04-27,382,10,1359711,9664,49
New Hampshire,2021-04-28,202,2,1359711,9866,51
New Hampshire,2021-04-29,271,5,1359711,10137,56
New Hampshire,2021-04-30,210,2,1359711,10347,58
New Hampshire,2021-05-01,277,1,1359711,10624,59
New Hampshire,2021-05-02,214,1,1359711,10838,60
New Hampshire,2021-05-03,129,0,1359711,10967,60
New Hampshire,2021-05-04,208,2,1359711,11175,62
New Hampshire,2021-05-05,167,1,1359711,11342,63
New Hampshire,2021-05-06,253,3,1359711,11595,66
New Hampshire,2021-05-07,203,0,1359711,11798,66
New Hampshire,2021-05-08,164,3,1359711,11962,69
New Hampshire,2021-05-09,123,1,1359711,12085,70
New Hampshire,2021-05-10,177,0,1359711,12262,70
New Hampshire,2021-05-11,132,3,1359711,12394,73
New Hampshire,2021-05-12,160,4,1359711,12554,77
New Hampshire,2021-05-13,211,4,1359711,12765,81
New Hampshire,2021-05-14,126,3,1359711,12891,84
New Hampshire,2021-05-15,133,2,1359711,13024,86
New Hampshire,2021-05-16,113,1,1359711,13137,87
New Hampshire,2021-05-17,98,1,1359711,13235,88
New Hampshire,2021-05-18,130,6,1359711,13365,94
New Hampshire,2021-05-19,74,1,1359711,13439,95
New Hampshire,2021-05-20,113,1,1359711,13552,96
New Hampshire,2021-05-21,77,0,1359711,13629,96
New Hampshire,2021-05-22,76,3,1359711,13705,99
New Hampshire,2021-05-23,59,0,1359711,13764,99
New Hampshire,2021-05-24,46,0,1359711,13810,99
New Hampshire,2021-05-25,79,0,1359711,13889,99
New Hampshire,2021-05-26,42,2,1359711,13931,101
New Hampshire,2021-05-27,143,3,1359711,14074,104
New Hampshire,2021-05-28,37,2,1359711,14111,106
New Hampshire,2021-05-29,49,1,1359711,14160,107
New Hampshire,2021-05-30,27,1,1359711,14187,108
New Hampshire,2021-05-31,0,0,1359711,14187,108
New Hampshire,2021-06-01,41,0,1359711,14228,108
New Hampshire,2021-06-02,24,0,1359711,14252,108
New Hampshire,2021-06-03,49,1,1359711,14301,109
New Hampshire,2021-06-04,37,1,1359711,14338,110
New Hampshire,2021-06-05,0,0,1359711,14338,110
New Hampshire,2021-06-06,0,0,1359711,14338,110
New Hampshire,2021-06-07,64,2,1359711,14402,112
New Hampshire,2021-06-08,3,0,1359711,14405,112
New Hampshire,2021-06-09,52,0,1359711,14457,112
New Hampshire,2021-06-10,44,3,1359711,14501,115
New Hampshire,2021-06-11,28,0,1359711,14529,115
New Hampshire,2021-06-12,0,0,1359711,14529,115
New Hampshire,2021-06-13,0,0,1359711,14529,115
New Hampshire,2021-06-14,75,3,1359711,14604,118
New Hampshire,2021-06-15,35,1,1359711,14639,119
New Hampshire,2021-06-16,18,0,1359711,14657,119
New Hampshire,2021-06-17,29,2,1359711,14686,121
New Hampshire,2021-06-18,29,1,1359711,14715,122
New Hampshire,2021-06-19,0,0,1359711,14715,122
New Hampshire,2021-06-20,0,0,1359711,14715,122
New Hampshire,2021-06-21,75,0,1359711,14790,122
New Hampshire,2021-06-22,19,1,1359711,14809,123
New Hampshire,2021-06-23,18,1,1359711,14827,124
New Hampshire,2021-06-24,26,0,1359711,14853,124
New Hampshire,2021-06-25,11,2,1359711,14864,126
New Hampshire,2021-06-26,0,0,1359711,14864,126
New Hampshire,2021-06-27,0,0,1359711,14864,126
New Hampshire,2021-06-28,52,0,1359711,14916,126
New Hampshire,2021-06-29,26,0,1359711,14942,126
New Hampshire,2021-06-30,23,1,1359711,14965,127
New Hampshire,2021-07-01,23,0,1359711,14988,127
New Hampshire,2021-07-02,28,0,1359711,15016,127
New Hampshire,2021-07-03,0,0,1359711,15016,127
New Hampshire,2021-07-04,0,0,1359711,15016,127
New Hampshire,2021-07-05,0,0,1359711,15016,127
New Hampshire,2021-07-06,71,1,1359711,15087,128
New Hampshire,2021-07-07,26,1,1359711,15113,129
New Hampshire,2021-07-08,33,0,1359711,15146,129
New Hampshire,2021-07-09,23,1,1359711,15169,130
New Hampshire,2021-07-10,0,0,1359711,15169,130
New Hampshire,2021-07-11,0,0,1359711,15169,130
New Hampshire,2021-07-12,62,0,1359711,15231,130
New Hampshire,2021-07-13,30,6,1359711,15261,136
New Hampshire,2021-07-14,40,0,1359711,15301,136
New Hampshire,2021-07-15,35,0,1359711,15336,136
New Hampshire,2021-07-16,32,0,1359711,15368,136
New Hampshire,2021-07-17,0,0,1359711,15368,136
New Hampshire,2021-07-18,0,0,1359711,15368,136
New Hampshire,2021-07-19,59,1,1359711,15427,137
New Hampshire,2021-07-20,59,2,1359711,15486,139
New Hampshire,2021-07-21,47,0,1359711,15533,139
New Hampshire,2021-07-22,34,1,1359711,15567,140
New Hampshire,2021-07-23,46,0,1359711,15613,140
New Hampshire,2021-07-24,0,0,1359711,15613,140
New Hampshire,2021-07-25,0,0,1359711,15613,140
New Hampshire,2021-07-26,134,0,1359711,15747,140
New Hampshire,2021-07-27,112,1,1359711,15859,141
New Hampshire,2021-07-28,67,0,1359711,15926,141
New Hampshire,2021-07-29,89,1,1359711,16015,142
New Hampshire,2021-07-30,103,0,1359711,16118,142
New Hampshire,2021-07-31,0,0,1359711,16118,142
New Hampshire,2021-08-01,0,0,1359711,16118,142
New Hampshire,2021-08-02,329,0,1359711,16447,142
New Hampshire,2021-08-03,169,1,1359711,16616,143
New Hampshire,2021-08-04,122,1,1359711,16738,144
New Hampshire,2021-08-05,228,0,1359711,16966,144
New Hampshire,2021-08-06,157,0,1359711,17123,144
New Hampshire,2021-08-07,0,0,1359711,17123,144
New Hampshire,2021-08-08,0,0,1359711,17123,144
New Hampshire,2021-08-09,455,0,1359711,17578,144
New Hampshire,2021-08-10,88,2,1359711,17666,146
New Hampshire,2021-08-11,148,2,1359711,17814,148
New Hampshire,2021-08-12,306,1,1359711,18120,149
New Hampshire,2021-08-13,242,1,1359711,18362,150
New Hampshire,2021-08-14,0,0,1359711,18362,150
New Hampshire,2021-08-15,0,0,1359711,18362,150
New Hampshire,2021-08-16,561,0,1359711,18923,150
New Hampshire,2021-08-17,271,1,1359711,19194,151
New Hampshire,2021-08-18,256,0,1359711,19450,151
New Hampshire,2021-08-19,274,1,1359711,19724,152
New Hampshire,2021-08-20,308,0,1359711,20032,152
New Hampshire,2021-08-21,0,0,1359711,20032,152
New Hampshire,2021-08-22,0,0,1359711,20032,152
New Hampshire,2021-08-23,731,5,1359711,20763,157
New Hampshire,2021-08-24,287,3,1359711,21050,160
New Hampshire,2021-08-25,294,3,1359711,21344,163
New Hampshire,2021-08-26,322,2,1359711,21666,165
New Hampshire,2021-08-27,320,5,1359711,21986,170
New Hampshire,2021-08-28,0,0,1359711,21986,170
New Hampshire,2021-08-29,0,0,1359711,21986,170
New Hampshire,2021-08-30,949,1,1359711,22935,171
New Hampshire,2021-08-31,215,1,1359711,23150,172
New Hampshire,2021-09-01,332,3,1359711,23482,175
New Hampshire,2021-09-02,298,1,1359711,23780,176
New Hampshire,2021-09-03,394,5,1359711,24174,181
New Hampshire,2021-09-04,0,0,1359711,24174,181
New Jersey,2021-04-02,4529,24,8882190,4529,24
New Jersey,2021-04-03,4445,17,8882190,8974,41
New Jersey,2021-04-04,3799,5,8882190,12773,46
New Jersey,2021-04-05,2831,12,8882190,15604,58
New Jersey,2021-04-06,3710,51,8882190,19314,109
New Jersey,2021-04-07,4243,49,8882190,23557,158
New Jersey,2021-04-08,4332,34,8882190,27889,192
New Jersey,2021-04-09,4193,43,8882190,32082,235
New Jersey,2021-04-10,3599,33,8882190,35681,268
New Jersey,2021-04-11,3387,11,8882190,39068,279
New Jersey,2021-04-12,2468,26,8882190,41536,305
New Jersey,2021-04-13,3963,49,8882190,45499,354
New Jersey,2021-04-14,3563,61,8882190,49062,415
New Jersey,2021-04-15,3958,47,8882190,53020,462
New Jersey,2021-04-16,4340,41,8882190,57360,503
New Jersey,2021-04-17,3922,40,8882190,61282,543
New Jersey,2021-04-18,3149,9,8882190,64431,552
New Jersey,2021-04-19,2183,18,8882190,66614,570
New Jersey,2021-04-20,2839,45,8882190,69453,615
New Jersey,2021-04-21,3475,65,8882190,72928,680
New Jersey,2021-04-22,3230,30,8882190,76158,710
New Jersey,2021-04-23,2834,27,8882190,78992,737
New Jersey,2021-04-24,2783,39,8882190,81775,776
New Jersey,2021-04-25,1694,13,8882190,83469,789
New Jersey,2021-04-26,-9005,19,8882190,74464,808
New Jersey,2021-04-27,2124,61,8882190,76588,869
New Jersey,2021-04-28,2113,49,8882190,78701,918
New Jersey,2021-04-29,2242,20,8882190,80943,938
New Jersey,2021-04-30,1858,25,8882190,82801,963
New Jersey,2021-05-01,1589,34,8882190,84390,997
New Jersey,2021-05-02,1198,12,8882190,85588,1009
New Jersey,2021-05-03,983,16,8882190,86571,1025
New Jersey,2021-05-04,1004,42,8882190,87575,1067
New Jersey,2021-05-05,2528,49,8882190,90103,1116
New Jersey,2021-05-06,1413,33,8882190,91516,1149
New Jersey,2021-05-07,1838,29,8882190,93354,1178
New Jersey,2021-05-08,-221,22,8882190,93133,1200
New Jersey,2021-05-09,339,10,8882190,93472,1210
New Jersey,2021-05-10,152,9,8882190,93624,1219
New Jersey,2021-05-11,561,31,8882190,94185,1250
New Jersey,2021-05-12,486,41,8882190,94671,1291
New Jersey,2021-05-13,428,24,8882190,95099,1315
New Jersey,2021-05-14,323,26,8882190,95422,1341
New Jersey,2021-05-15,646,20,8882190,96068,1361
New Jersey,2021-05-16,269,9,8882190,96337,1370
New Jersey,2021-05-17,347,14,8882190,96684,1384
New Jersey,2021-05-18,646,23,8882190,97330,1407
New Jersey,2021-05-19,444,32,8882190,97774,1439
New Jersey,2021-05-20,561,23,8882190,98335,1462
New Jersey,2021-05-21,652,17,8882190,98987,1479
New Jersey,2021-05-22,378,14,8882190,99365,1493
New Jersey,2021-05-23,301,7,8882190,99666,1500
New Jersey,2021-05-24,102,9,8882190,99768,1509
New Jersey,2021-05-25,389,24,8882190,100157,1533
New Jersey,2021-05-26,395,35,8882190,100552,1568
New Jersey,2021-05-27,394,14,8882190,100946,1582
New Jersey,2021-05-28,266,12,8882190,101212,1594
New Jersey,2021-05-29,255,16,8882190,101467,1610
New Jersey,2021-05-30,246,6,8882190,101713,1616
New Jersey,2021-05-31,197,5,8882190,101910,1621
New Jersey,2021-06-01,158,7,8882190,102068,1628
New Jersey,2021-06-02,273,28,8882190,102341,1656
New Jersey,2021-06-03,281,6,8882190,102622,1662
New Jersey,2021-06-04,74,12,8882190,102696,1674
New Jersey,2021-06-05,577,8,8882190,103273,1682
New Jersey,2021-06-06,209,6,8882190,103482,1688
New Jersey,2021-06-07,208,6,8882190,103690,1694
New Jersey,2021-06-08,195,0,8882190,103885,1694
New Jersey,2021-06-09,184,31,8882190,104069,1725
New Jersey,2021-06-10,342,6,8882190,104411,1731
New Jersey,2021-06-11,274,2,8882190,104685,1733
New Jersey,2021-06-12,0,0,8882190,104685,1733
New Jersey,2021-06-13,456,6,8882190,105141,1739
New Jersey,2021-06-14,231,4,8882190,105372,1743
New Jersey,2021-06-15,249,11,8882190,105621,1754
New Jersey,2021-06-16,283,12,8882190,105904,1766
New Jersey,2021-06-17,238,7,8882190,106142,1773
New Jersey,2021-06-18,266,4,8882190,106408,1777
New Jersey,2021-06-19,208,4,8882190,106616,1781
New Jersey,2021-06-20,144,2,8882190,106760,1783
New Jersey,2021-06-21,126,3,8882190,106886,1786
New Jersey,2021-06-22,246,15,8882190,107132,1801
New Jersey,2021-06-23,268,18,8882190,107400,1819
New Jersey,2021-06-24,272,6,8882190,107672,1825
New Jersey,2021-06-25,349,12,8882190,108021,1837
New Jersey,2021-06-26,237,6,8882190,108258,1843
New Jersey,2021-06-27,150,3,8882190,108408,1846
New Jersey,2021-06-28,147,1,8882190,108555,1847
New Jersey,2021-06-29,223,6,8882190,108778,1853
New Jersey,2021-06-30,195,13,8882190,108973,1866
New Jersey,2021-07-01,218,5,8882190,109191,1871
New Jersey,2021-07-02,310,5,8882190,109501,1876
New Jersey,2021-07-03,190,5,8882190,109691,1881
New Jersey,2021-07-04,112,1,8882190,109803,1882
New Jersey,2021-07-05,86,4,8882190,109889,1886
New Jersey,2021-07-06,154,0,8882190,110043,1886
New Jersey,2021-07-07,283,13,8882190,110326,1899
New Jersey,2021-07-08,331,3,8882190,110657,1902
New Jersey,2021-07-09,398,3,8882190,111055,1905
New Jersey,2021-07-10,311,5,8882190,111366,1910
New Jersey,2021-07-11,283,4,8882190,111649,1914
New Jersey,2021-07-12,215,4,8882190,111864,1918
New Jersey,2021-07-13,363,7,8882190,112227,1925
New Jersey,2021-07-14,365,11,8882190,112592,1936
New Jersey,2021-07-15,446,2,8882190,113038,1938
New Jersey,2021-07-16,494,2,8882190,113532,1940
New Jersey,2021-07-17,549,5,8882190,114081,1945
New Jersey,2021-07-18,428,3,8882190,114509,1948
New Jersey,2021-07-19,312,6,8882190,114821,1954
New Jersey,2021-07-20,658,12,8882190,115479,1966
New Jersey,2021-07-21,699,5,8882190,116178,1971
New Jersey,2021-07-22,746,2,8882190,116924,1973
New Jersey,2021-07-23,909,4,8882190,117833,1977
New Jersey,2021-07-24,861,5,8882190,118694,1982
New Jersey,2021-07-25,596,2,8882190,119290,1984
New Jersey,2021-07-26,521,4,8882190,119811,1988
New Jersey,2021-07-27,794,7,8882190,120605,1995
New Jersey,2021-07-28,948,3,8882190,121553,1998
New Jersey,2021-07-29,1077,1,8882190,122630,1999
New Jersey,2021-07-30,1119,5,8882190,123749,2004
New Jersey,2021-07-31,1182,7,8882190,124931,2011
New Jersey,2021-08-01,928,5,8882190,125859,2016
New Jersey,2021-08-02,878,-1,8882190,126737,2015
New Jersey,2021-08-03,1313,8,8882190,128050,2023
New Jersey,2021-08-04,1230,11,8882190,129280,2034
New Jersey,2021-08-05,1466,4,8882190,130746,2038
New Jersey,2021-08-06,1346,7,8882190,132092,2045
New Jersey,2021-08-07,1539,9,8882190,133631,2054
New Jersey,2021-08-08,1169,5,8882190,134800,2059
New Jersey,2021-08-09,861,0,8882190,135661,2059
New Jersey,2021-08-10,1629,9,8882190,137290,2068
New Jersey,2021-08-11,1686,6,8882190,138976,2074
New Jersey,2021-08-12,1854,7,8882190,140830,2081
New Jersey,2021-08-13,1844,9,8882190,142674,2090
New Jersey,2021-08-14,2564,11,8882190,145238,2101
New Jersey,2021-08-15,1274,3,8882190,146512,2104
New Jersey,2021-08-16,1304,1,8882190,147816,2105
New Jersey,2021-08-17,1821,19,8882190,149637,2124
New Jersey,2021-08-18,1677,6,8882190,151314,2130
New Jersey,2021-08-19,2022,10,8882190,153336,2140
New Jersey,2021-08-20,2940,8,8882190,156276,2148
New Jersey,2021-08-21,2158,11,8882190,158434,2159
New Jersey,2021-08-22,1450,2,8882190,159884,2161
New Jersey,2021-08-23,1624,3,8882190,161508,2164
New Jersey,2021-08-24,1857,20,8882190,163365,2184
New Jersey,2021-08-25,2113,21,8882190,165478,2205
New Jersey,2021-08-26,2054,11,8882190,167532,2216
New Jersey,2021-08-27,2592,19,8882190,170124,2235
New Jersey,2021-08-28,1934,18,8882190,172058,2253
New Jersey,2021-08-29,1850,5,8882190,173908,2258
New Jersey,2021-08-30,1508,15,8882190,175416,2273
New Jersey,2021-08-31,2128,18,8882190,177544,2291
New Jersey,2021-09-01,2283,20,8882190,179827,2311
New Jersey,2021-09-02,2542,17,8882190,182369,2328
New Jersey,2021-09-03,1735,10,8882190,184104,2338
New Jersey,2021-09-04,2248,13,8882190,186352,2351
New Mexico,2021-04-02,207,7,2096829,207,7
New Mexico,2021-04-03,0,0,2096829,207,7
New Mexico,2021-04-04,0,0,2096829,207,7
New Mexico,2021-04-05,443,4,2096829,650,11
New Mexico,2021-04-06,178,8,2096829,828,19
New Mexico,2021-04-07,216,2,2096829,1044,21
New Mexico,2021-04-08,258,11,2096829,1302,32
New Mexico,2021-04-09,121,2,2096829,1423,34
New Mexico,2021-04-10,0,0,2096829,1423,34
New Mexico,2021-04-11,0,0,2096829,1423,34
New Mexico,2021-04-12,619,3,2096829,2042,37
New Mexico,2021-04-13,177,9,2096829,2219,46
New Mexico,2021-04-14,214,8,2096829,2433,54
New Mexico,2021-04-15,227,1,2096829,2660,55
New Mexico,2021-04-16,263,4,2096829,2923,59
New Mexico,2021-04-17,0,0,2096829,2923,59
New Mexico,2021-04-18,0,0,2096829,2923,59
New Mexico,2021-04-19,610,6,2096829,3533,65
New Mexico,2021-04-20,137,3,2096829,3670,68
New Mexico,2021-04-21,168,10,2096829,3838,78
New Mexico,2021-04-22,207,3,2096829,4045,81
New Mexico,2021-04-23,231,1,2096829,4276,82
New Mexico,2021-04-24,0,0,2096829,4276,82
New Mexico,2021-04-25,0,0,2096829,4276,82
New Mexico,2021-04-26,623,3,2096829,4899,85
New Mexico,2021-04-27,153,12,2096829,5052,97
New Mexico,2021-04-28,221,12,2096829,5273,109
New Mexico,2021-04-29,229,7,2096829,5502,116
New Mexico,2021-04-30,286,9,2096829,5788,125
New Mexico,2021-05-01,0,0,2096829,5788,125
New Mexico,2021-05-02,0,0,2096829,5788,125
New Mexico,2021-05-03,639,6,2096829,6427,131
New Mexico,2021-05-04,204,10,2096829,6631,141
New Mexico,2021-05-05,205,2,2096829,6836,143
New Mexico,2021-05-06,273,4,2096829,7109,147
New Mexico,2021-05-07,279,9,2096829,7388,156
New Mexico,2021-05-08,0,0,2096829,7388,156
New Mexico,2021-05-09,0,0,2096829,7388,156
New Mexico,2021-05-10,568,8,2096829,7956,164
New Mexico,2021-05-11,136,2,2096829,8092,166
New Mexico,2021-05-12,195,3,2096829,8287,169
New Mexico,2021-05-13,200,1,2096829,8487,170
New Mexico,2021-05-14,218,1,2096829,8705,171
New Mexico,2021-05-15,0,0,2096829,8705,171
New Mexico,2021-05-16,0,0,2096829,8705,171
New Mexico,2021-05-17,536,3,2096829,9241,174
New Mexico,2021-05-18,150,2,2096829,9391,176
New Mexico,2021-05-19,153,4,2096829,9544,180
New Mexico,2021-05-20,206,4,2096829,9750,184
New Mexico,2021-05-21,173,5,2096829,9923,189
New Mexico,2021-05-22,0,0,2096829,9923,189
New Mexico,2021-05-23,0,0,2096829,9923,189
New Mexico,2021-05-24,318,114,2096829,10241,303
New Mexico,2021-05-25,219,0,2096829,10460,303
New Mexico,2021-05-26,165,9,2096829,10625,312
New Mexico,2021-05-27,128,5,2096829,10753,317
New Mexico,2021-05-28,123,4,2096829,10876,321
New Mexico,2021-05-29,0,0,2096829,10876,321
New Mexico,2021-05-30,0,0,2096829,10876,321
New Mexico,2021-05-31,0,0,2096829,10876,321
New Mexico,2021-06-01,330,1,2096829,11206,322
New Mexico,2021-06-02,71,4,2096829,11277,326
New Mexico,2021-06-03,108,5,2096829,11385,331
New Mexico,2021-06-04,142,7,2096829,11527,338
New Mexico,2021-06-05,0,0,2096829,11527,338
New Mexico,2021-06-06,0,0,2096829,11527,338
New Mexico,2021-06-07,214,6,2096829,11741,344
New Mexico,2021-06-08,61,1,2096829,11802,345
New Mexico,2021-06-09,76,5,2096829,11878,350
New Mexico,2021-06-10,96,3,2096829,11974,353
New Mexico,2021-06-11,125,2,2096829,12099,355
New Mexico,2021-06-12,0,0,2096829,12099,355
New Mexico,2021-06-13,0,0,2096829,12099,355
New Mexico,2021-06-14,227,5,2096829,12326,360
New Mexico,2021-06-15,121,0,2096829,12447,360
New Mexico,2021-06-16,80,3,2096829,12527,363
New Mexico,2021-06-17,105,5,2096829,12632,368
New Mexico,2021-06-18,121,6,2096829,12753,374
New Mexico,2021-06-19,0,0,2096829,12753,374
New Mexico,2021-06-20,0,0,2096829,12753,374
New Mexico,2021-06-21,263,10,2096829,13016,384
New Mexico,2021-06-22,97,4,2096829,13113,388
New Mexico,2021-06-23,76,2,2096829,13189,390
New Mexico,2021-06-24,81,2,2096829,13270,392
New Mexico,2021-06-25,75,1,2096829,13345,393
New Mexico,2021-06-26,0,0,2096829,13345,393
New Mexico,2021-06-27,0,0,2096829,13345,393
New Mexico,2021-06-28,148,1,2096829,13493,394
New Mexico,2021-06-29,46,2,2096829,13539,396
New Mexico,2021-06-30,58,2,2096829,13597,398
New Mexico,2021-07-01,87,3,2096829,13684,401
New Mexico,2021-07-02,86,1,2096829,13770,402
New Mexico,2021-07-03,0,0,2096829,13770,402
New Mexico,2021-07-04,0,0,2096829,13770,402
New Mexico,2021-07-05,0,0,2096829,13770,402
New Mexico,2021-07-06,200,2,2096829,13970,404
New Mexico,2021-07-07,81,1,2096829,14051,405
New Mexico,2021-07-08,132,6,2096829,14183,411
New Mexico,2021-07-09,124,1,2096829,14307,412
New Mexico,2021-07-10,0,0,2096829,14307,412
New Mexico,2021-07-11,0,0,2096829,14307,412
New Mexico,2021-07-12,299,4,2096829,14606,416
New Mexico,2021-07-13,115,1,2096829,14721,417
New Mexico,2021-07-14,180,3,2096829,14901,420
New Mexico,2021-07-15,156,10,2096829,15057,430
New Mexico,2021-07-16,187,7,2096829,15244,437
New Mexico,2021-07-17,0,0,2096829,15244,437
New Mexico,2021-07-18,0,0,2096829,15244,437
New Mexico,2021-07-19,377,4,2096829,15621,441
New Mexico,2021-07-20,135,4,2096829,15756,445
New Mexico,2021-07-21,271,5,2096829,16027,450
New Mexico,2021-07-22,271,2,2096829,16298,452
New Mexico,2021-07-23,244,3,2096829,16542,455
New Mexico,2021-07-24,0,0,2096829,16542,455
New Mexico,2021-07-25,0,0,2096829,16542,455
New Mexico,2021-07-26,631,3,2096829,17173,458
New Mexico,2021-07-27,238,2,2096829,17411,460
New Mexico,2021-07-28,328,5,2096829,17739,465
New Mexico,2021-07-29,401,1,2096829,18140,466
New Mexico,2021-07-30,331,2,2096829,18471,468
New Mexico,2021-07-31,0,0,2096829,18471,468
New Mexico,2021-08-01,0,0,2096829,18471,468
New Mexico,2021-08-02,1076,4,2096829,19547,472
New Mexico,2021-08-03,478,1,2096829,20025,473
New Mexico,2021-08-04,607,1,2096829,20632,474
New Mexico,2021-08-05,670,3,2096829,21302,477
New Mexico,2021-08-06,546,6,2096829,21848,483
New Mexico,2021-08-07,0,0,2096829,21848,483
New Mexico,2021-08-08,0,0,2096829,21848,483
New Mexico,2021-08-09,1305,0,2096829,23153,483
New Mexico,2021-08-10,683,5,2096829,23836,488
New Mexico,2021-08-11,713,7,2096829,24549,495
New Mexico,2021-08-12,1279,4,2096829,25828,499
New Mexico,2021-08-13,796,5,2096829,26624,504
New Mexico,2021-08-14,0,0,2096829,26624,504
New Mexico,2021-08-15,0,0,2096829,26624,504
New Mexico,2021-08-16,1771,5,2096829,28395,509
New Mexico,2021-08-17,746,4,2096829,29141,513
New Mexico,2021-08-18,874,4,2096829,30015,517
New Mexico,2021-08-19,967,4,2096829,30982,521
New Mexico,2021-08-20,869,9,2096829,31851,530
New Mexico,2021-08-21,0,0,2096829,31851,530
New Mexico,2021-08-22,0,0,2096829,31851,530
New Mexico,2021-08-23,2198,9,2096829,34049,539
New Mexico,2021-08-24,874,2,2096829,34923,541
New Mexico,2021-08-25,768,5,2096829,35691,546
New Mexico,2021-08-26,922,9,2096829,36613,555
New Mexico,2021-08-27,951,8,2096829,37564,563
New Mexico,2021-08-28,0,0,2096829,37564,563
New Mexico,2021-08-29,0,0,2096829,37564,563
New Mexico,2021-08-30,2276,7,2096829,39840,570
New Mexico,2021-08-31,829,6,2096829,40669,576
New Mexico,2021-09-01,873,11,2096829,41542,587
New Mexico,2021-09-02,988,15,2096829,42530,602
New Mexico,2021-09-03,915,8,2096829,43445,610
New Mexico,2021-09-04,0,0,2096829,43445,610
New York,2021-04-02,8038,83,19453561,8038,83
New York,2021-04-03,7755,94,19453561,15793,177
New York,2021-04-04,7636,82,19453561,23429,259
New York,2021-04-05,6659,72,19453561,30088,331
New York,2021-04-06,6041,45,19453561,36129,376
New York,2021-04-07,6643,92,19453561,42772,468
New York,2021-04-08,8727,56,19453561,51499,524
New York,2021-04-09,8662,79,19453561,60161,603
New York,2021-04-10,7495,59,19453561,67656,662
New York,2021-04-11,6630,81,19453561,74286,743
New York,2021-04-12,5631,86,19453561,79917,829
New York,2021-04-13,5023,52,19453561,84940,881
New York,2021-04-14,6060,94,19453561,91000,975
New York,2021-04-15,7029,69,19453561,98029,1044
New York,2021-04-16,6344,53,19453561,104373,1097
New York,2021-04-17,6590,67,19453561,110963,1164
New York,2021-04-18,5641,43,19453561,116604,1207
New York,2021-04-19,5026,45,19453561,121630,1252
New York,2021-04-20,4576,63,19453561,126206,1315
New York,2021-04-21,4292,43,19453561,130498,1358
New York,2021-04-22,5238,97,19453561,135736,1455
New York,2021-04-23,4847,61,19453561,140583,1516
New York,2021-04-24,4138,59,19453561,144721,1575
New York,2021-04-25,4064,52,19453561,148785,1627
New York,2021-04-26,3009,39,19453561,151794,1666
New York,2021-04-27,3312,75,19453561,155106,1741
New York,2021-04-28,3034,23,19453561,158140,1764
New York,2021-04-29,3897,69,19453561,162037,1833
New York,2021-04-30,3805,49,19453561,165842,1882
New York,2021-05-01,3872,52,19453561,169714,1934
New York,2021-05-02,2826,50,19453561,172540,1984
New York,2021-05-03,2428,62,19453561,174968,2046
New York,2021-05-04,2209,60,19453561,177177,2106
New York,2021-05-05,2402,55,19453561,179579,2161
New York,2021-05-06,2643,34,19453561,182222,2195
New York,2021-05-07,2459,39,19453561,184681,2234
New York,2021-05-08,3064,43,19453561,187745,2277
New York,2021-05-09,2373,35,19453561,190118,2312
New York,2021-05-10,1653,38,19453561,191771,2350
New York,2021-05-11,1460,42,19453561,193231,2392
New York,2021-05-12,2024,55,19453561,195255,2447
New York,2021-05-13,2186,41,19453561,197441,2488
New York,2021-05-14,2074,37,19453561,199515,2525
New York,2021-05-15,1800,11,19453561,201315,2536
New York,2021-05-16,1854,39,19453561,203169,2575
New York,2021-05-17,1359,34,19453561,204528,2609
New York,2021-05-18,1525,31,19453561,206053,2640
New York,2021-05-19,1337,24,19453561,207390,2664
New York,2021-05-20,1644,26,19453561,209034,2690
New York,2021-05-21,1574,25,19453561,210608,2715
New York,2021-05-22,1329,17,19453561,211937,2732
New York,2021-05-23,1074,20,19453561,213011,2752
New York,2021-05-24,961,33,19453561,213972,2785
New York,2021-05-25,920,17,19453561,214892,2802
New York,2021-05-26,898,27,19453561,215790,2829
New York,2021-05-27,1148,21,19453561,216938,2850
New York,2021-05-28,937,26,19453561,217875,2876
New York,2021-05-29,872,15,19453561,218747,2891
New York,2021-05-30,820,16,19453561,219567,2907
New York,2021-05-31,529,18,19453561,220096,2925
New York,2021-06-01,465,25,19453561,220561,2950
New York,2021-06-02,400,9,19453561,220961,2959
New York,2021-06-03,499,19,19453561,221460,2978
New York,2021-06-04,771,56,19453561,222231,3034
New York,2021-06-05,836,14,19453561,223067,3048
New York,2021-06-06,507,33,19453561,223574,3081
New York,2021-06-07,517,11,19453561,224091,3092
New York,2021-06-08,453,10,19453561,224544,3102
New York,2021-06-09,437,8,19453561,224981,3110
New York,2021-06-10,542,13,19453561,225523,3123
New York,2021-06-11,679,17,19453561,226202,3140
New York,2021-06-12,440,17,19453561,226642,3157
New York,2021-06-13,363,10,19453561,227005,3167
New York,2021-06-14,364,9,19453561,227369,3176
New York,2021-06-15,327,16,19453561,227696,3192
New York,2021-06-16,306,2,19453561,228002,3194
New York,2021-06-17,446,13,19453561,228448,3207
New York,2021-06-18,406,8,19453561,228854,3215
New York,2021-06-19,394,7,19453561,229248,3222
New York,2021-06-20,289,2,19453561,229537,3224
New York,2021-06-21,284,8,19453561,229821,3232
New York,2021-06-22,259,18,19453561,230080,3250
New York,2021-06-23,261,7,19453561,230341,3257
New York,2021-06-24,397,-4,19453561,230738,3253
New York,2021-06-25,352,9,19453561,231090,3262
New York,2021-06-26,344,5,19453561,231434,3267
New York,2021-06-27,381,15,19453561,231815,3282
New York,2021-06-28,311,8,19453561,232126,3290
New York,2021-06-29,252,4,19453561,232378,3294
New York,2021-06-30,300,3,19453561,232678,3297
New York,2021-07-01,391,11,19453561,233069,3308
New York,2021-07-02,503,2,19453561,233572,3310
New York,2021-07-03,286,0,19453561,233858,3310
New York,2021-07-04,350,9,19453561,234208,3319
New York,2021-07-05,372,4,19453561,234580,3323
New York,2021-07-06,298,6,19453561,234878,3329
New York,2021-07-07,363,6,19453561,235241,3335
New York,2021-07-08,667,4,19453561,235908,3339
New York,2021-07-09,744,5,19453561,236652,3344
New York,2021-07-10,732,7,19453561,237384,3351
New York,2021-07-11,794,2,19453561,238178,3353
New York,2021-07-12,633,2,19453561,238811,3355
New York,2021-07-13,642,6,19453561,239453,3361
New York,2021-07-14,741,11,19453561,240194,3372
New York,2021-07-15,950,5,19453561,241144,3377
New York,2021-07-16,716,1,19453561,241860,3378
New York,2021-07-17,1367,5,19453561,243227,3383
New York,2021-07-18,1145,10,19453561,244372,3393
New York,2021-07-19,912,4,19453561,245284,3397
New York,2021-07-20,1118,4,19453561,246402,3401
New York,2021-07-21,1187,7,19453561,247589,3408
New York,2021-07-22,1638,7,19453561,249227,3415
New York,2021-07-23,1729,3,19453561,250956,3418
New York,2021-07-24,1897,3,19453561,252853,3421
New York,2021-07-25,871,9,19453561,253724,3430
New York,2021-07-26,2611,7,19453561,256335,3437
New York,2021-07-27,1615,1,19453561,257950,3438
New York,2021-07-28,1874,12,19453561,259824,3450
New York,2021-07-29,2609,2,19453561,262433,3452
New York,2021-07-30,2577,7,19453561,265010,3459
New York,2021-07-31,3072,9,19453561,268082,3468
New York,2021-08-01,2574,9,19453561,270656,3477
New York,2021-08-02,2392,7,19453561,273048,3484
New York,2021-08-03,3032,13,19453561,276080,3497
New York,2021-08-04,2926,6,19453561,279006,3503
New York,2021-08-05,3536,15,19453561,282542,3518
New York,2021-08-06,3739,3,19453561,286281,3521
New York,2021-08-07,4491,35,19453561,290772,3556
New York,2021-08-08,3578,15,19453561,294350,3571
New York,2021-08-09,2066,6,19453561,296416,3577
New York,2021-08-10,1972,10,19453561,298388,3587
New York,2021-08-11,6653,39,19453561,305041,3626
New York,2021-08-12,4875,31,19453561,309916,3657
New York,2021-08-13,4642,12,19453561,314558,3669
New York,2021-08-14,4602,15,19453561,319160,3684
New York,2021-08-15,4401,23,19453561,323561,3707
New York,2021-08-16,3898,9,19453561,327459,3716
New York,2021-08-17,3409,37,19453561,330868,3753
New York,2021-08-18,4793,14,19453561,335661,3767
New York,2021-08-19,5083,19,19453561,340744,3786
New York,2021-08-20,4088,15,19453561,344832,3801
New York,2021-08-21,5943,38,19453561,350775,3839
New York,2021-08-22,4556,17,19453561,355331,3856
New York,2021-08-23,3829,25,19453561,359160,3881
New York,2021-08-24,3430,16,19453561,362590,3897
New York,2021-08-25,3893,30,19453561,366483,3927
New York,2021-08-26,5364,30,19453561,371847,3957
New York,2021-08-27,6381,22,19453561,378228,3979
New York,2021-08-28,2357,7,19453561,380585,3986
New York,2021-08-29,6145,40,19453561,386730,4026
New York,2021-08-30,5642,31,19453561,392372,4057
New York,2021-08-31,3910,24,19453561,396282,4081
New York,2021-09-01,4246,28,19453561,400528,4109
New York,2021-09-02,5165,51,19453561,405693,4160
New York,2021-09-03,5965,28,19453561,411658,4188
New York,2021-09-04,3676,17,19453561,415334,4205
North Carolina,2021-04-02,0,0,10488084,0,0
North Carolina,2021-04-03,0,0,10488084,0,0
North Carolina,2021-04-04,0,0,10488084,0,0
North Carolina,2021-04-05,6401,37,10488084,6401,37
North Carolina,2021-04-06,870,16,10488084,7271,53
North Carolina,2021-04-07,1380,23,10488084,8651,76
North Carolina,2021-04-08,2087,12,10488084,10738,88
North Carolina,2021-04-09,2509,24,10488084,13247,112
North Carolina,2021-04-10,0,0,10488084,13247,112
North Carolina,2021-04-11,0,0,10488084,13247,112
North Carolina,2021-04-12,5655,42,10488084,18902,154
North Carolina,2021-04-13,1364,15,10488084,20266,169
North Carolina,2021-04-14,2359,20,10488084,22625,189
North Carolina,2021-04-15,2434,34,10488084,25059,223
North Carolina,2021-04-16,2475,28,10488084,27534,251
North Carolina,2021-04-17,0,0,10488084,27534,251
North Carolina,2021-04-18,0,0,10488084,27534,251
North Carolina,2021-04-19,5673,31,10488084,33207,282
North Carolina,2021-04-20,1200,19,10488084,34407,301
North Carolina,2021-04-21,1963,43,10488084,36370,344
North Carolina,2021-04-22,2236,25,10488084,38606,369
North Carolina,2021-04-23,2167,18,10488084,40773,387
North Carolina,2021-04-24,0,0,10488084,40773,387
North Carolina,2021-04-25,0,0,10488084,40773,387
North Carolina,2021-04-26,5691,37,10488084,46464,424
North Carolina,2021-04-27,1148,23,10488084,47612,447
North Carolina,2021-04-28,1765,36,10488084,49377,483
North Carolina,2021-04-29,1985,12,10488084,51362,495
North Carolina,2021-04-30,2231,20,10488084,53593,515
North Carolina,2021-05-01,0,0,10488084,53593,515
North Carolina,2021-05-02,0,0,10488084,53593,515
North Carolina,2021-05-03,4567,40,10488084,58160,555
North Carolina,2021-05-04,981,9,10488084,59141,564
North Carolina,2021-05-05,1468,21,10488084,60609,585
North Carolina,2021-05-06,1798,17,10488084,62407,602
North Carolina,2021-05-07,1932,42,10488084,64339,644
North Carolina,2021-05-08,0,0,10488084,64339,644
North Carolina,2021-05-09,0,0,10488084,64339,644
North Carolina,2021-05-10,3753,10,10488084,68092,654
North Carolina,2021-05-11,699,11,10488084,68791,665
North Carolina,2021-05-12,1493,29,10488084,70284,694
North Carolina,2021-05-13,1394,23,10488084,71678,717
North Carolina,2021-05-14,1501,9,10488084,73179,726
North Carolina,2021-05-15,0,0,10488084,73179,726
North Carolina,2021-05-16,0,0,10488084,73179,726
North Carolina,2021-05-17,2618,29,10488084,75797,755
North Carolina,2021-05-18,622,20,10488084,76419,775
North Carolina,2021-05-19,969,27,10488084,77388,802
North Carolina,2021-05-20,1187,12,10488084,78575,814
North Carolina,2021-05-21,1020,8,10488084,79595,822
North Carolina,2021-05-22,0,0,10488084,79595,822
North Carolina,2021-05-23,0,0,10488084,79595,822
North Carolina,2021-05-24,2422,29,10488084,82017,851
North Carolina,2021-05-25,525,17,10488084,82542,868
North Carolina,2021-05-26,866,27,10488084,83408,895
North Carolina,2021-05-27,849,24,10488084,84257,919
North Carolina,2021-05-28,738,23,10488084,84995,942
North Carolina,2021-05-29,0,0,10488084,84995,942
North Carolina,2021-05-30,0,0,10488084,84995,942
North Carolina,2021-05-31,0,0,10488084,84995,942
North Carolina,2021-06-01,2089,23,10488084,87084,965
North Carolina,2021-06-02,265,9,10488084,87349,974
North Carolina,2021-06-03,481,20,10488084,87830,994
North Carolina,2021-06-04,680,21,10488084,88510,1015
North Carolina,2021-06-05,0,0,10488084,88510,1015
North Carolina,2021-06-06,0,0,10488084,88510,1015
North Carolina,2021-06-07,1297,48,10488084,89807,1063
North Carolina,2021-06-08,299,13,10488084,90106,1076
North Carolina,2021-06-09,544,18,10488084,90650,1094
North Carolina,2021-06-10,464,16,10488084,91114,1110
North Carolina,2021-06-11,425,19,10488084,91539,1129
North Carolina,2021-06-12,0,0,10488084,91539,1129
North Carolina,2021-06-13,0,0,10488084,91539,1129
North Carolina,2021-06-14,1228,27,10488084,92767,1156
North Carolina,2021-06-15,272,4,10488084,93039,1160
North Carolina,2021-06-16,333,18,10488084,93372,1178
North Carolina,2021-06-17,362,6,10488084,93734,1184
North Carolina,2021-06-18,220,20,10488084,93954,1204
North Carolina,2021-06-19,0,0,10488084,93954,1204
North Carolina,2021-06-20,0,0,10488084,93954,1204
North Carolina,2021-06-21,776,28,10488084,94730,1232
North Carolina,2021-06-22,211,14,10488084,94941,1246
North Carolina,2021-06-23,461,11,10488084,95402,1257
North Carolina,2021-06-24,394,15,10488084,95796,1272
North Carolina,2021-06-25,388,4,10488084,96184,1276
North Carolina,2021-06-26,0,0,10488084,96184,1276
North Carolina,2021-06-27,0,0,10488084,96184,1276
North Carolina,2021-06-28,864,8,10488084,97048,1284
North Carolina,2021-06-29,274,4,10488084,97322,1288
North Carolina,2021-06-30,208,13,10488084,97530,1301
North Carolina,2021-07-01,296,-3,10488084,97826,1298
North Carolina,2021-07-02,374,0,10488084,98200,1298
North Carolina,2021-07-03,0,0,10488084,98200,1298
North Carolina,2021-07-04,0,0,10488084,98200,1298
North Carolina,2021-07-05,0,0,10488084,98200,1298
North Carolina,2021-07-06,1488,21,10488084,99688,1319
North Carolina,2021-07-07,415,5,10488084,100103,1324
North Carolina,2021-07-08,630,15,10488084,100733,1339
North Carolina,2021-07-09,543,8,10488084,101276,1347
North Carolina,2021-07-10,0,0,10488084,101276,1347
North Carolina,2021-07-11,0,0,10488084,101276,1347
North Carolina,2021-07-12,1863,16,10488084,103139,1363
North Carolina,2021-07-13,540,4,10488084,103679,1367
North Carolina,2021-07-14,995,9,10488084,104674,1376
North Carolina,2021-07-15,1020,7,10488084,105694,1383
North Carolina,2021-07-16,1023,4,10488084,106717,1387
North Carolina,2021-07-17,0,0,10488084,106717,1387
North Carolina,2021-07-18,0,0,10488084,106717,1387
North Carolina,2021-07-19,2950,12,10488084,109667,1399
North Carolina,2021-07-20,871,6,10488084,110538,1405
North Carolina,2021-07-21,1434,9,10488084,111972,1414
North Carolina,2021-07-22,1800,12,10488084,113772,1426
North Carolina,2021-07-23,1998,8,10488084,115770,1434
North Carolina,2021-07-24,0,0,10488084,115770,1434
North Carolina,2021-07-25,0,0,10488084,115770,1434
North Carolina,2021-07-26,5444,10,10488084,121214,1444
North Carolina,2021-07-27,1603,10,10488084,122817,1454
North Carolina,2021-07-28,2633,16,10488084,125450,1470
North Carolina,2021-07-29,3268,12,10488084,128718,1482
North Carolina,2021-07-30,3199,17,10488084,131917,1499
North Carolina,2021-07-31,0,0,10488084,131917,1499
North Carolina,2021-08-01,0,0,10488084,131917,1499
North Carolina,2021-08-02,8623,35,10488084,140540,1534
North Carolina,2021-08-03,2188,9,10488084,142728,1543
North Carolina,2021-08-04,3413,21,10488084,146141,1564
North Carolina,2021-08-05,4331,24,10488084,150472,1588
North Carolina,2021-08-06,4506,12,10488084,154978,1600
North Carolina,2021-08-07,0,0,10488084,154978,1600
North Carolina,2021-08-08,0,0,10488084,154978,1600
North Carolina,2021-08-09,15801,23,10488084,170779,1623
North Carolina,2021-08-10,2985,9,10488084,173764,1632
North Carolina,2021-08-11,4963,22,10488084,178727,1654
North Carolina,2021-08-12,5900,16,10488084,184627,1670
North Carolina,2021-08-13,6628,20,10488084,191255,1690
North Carolina,2021-08-14,0,0,10488084,191255,1690
North Carolina,2021-08-15,0,0,10488084,191255,1690
North Carolina,2021-08-16,14998,54,10488084,206253,1744
North Carolina,2021-08-17,3575,15,10488084,209828,1759
North Carolina,2021-08-18,5256,57,10488084,215084,1816
North Carolina,2021-08-19,7020,53,10488084,222104,1869
North Carolina,2021-08-20,6631,54,10488084,228735,1923
North Carolina,2021-08-21,0,0,10488084,228735,1923
North Carolina,2021-08-22,0,0,10488084,228735,1923
North Carolina,2021-08-23,16924,61,10488084,245659,1984
North Carolina,2021-08-24,4623,32,10488084,250282,2016
North Carolina,2021-08-25,6130,60,10488084,256412,2076
North Carolina,2021-08-26,8620,60,10488084,265032,2136
North Carolina,2021-08-27,8105,47,10488084,273137,2183
North Carolina,2021-08-28,0,0,10488084,273137,2183
North Carolina,2021-08-29,0,0,10488084,273137,2183
North Carolina,2021-08-30,19007,93,10488084,292144,2276
North Carolina,2021-08-31,5351,56,10488084,297495,2332
North Carolina,2021-09-01,7248,61,10488084,304743,2393
North Carolina,2021-09-02,7901,96,10488084,312644,2489
North Carolina,2021-09-03,8590,83,10488084,321234,2572
North Carolina,2021-09-04,0,0,10488084,321234,2572
North Dakota,2021-04-02,161,0,762062,161,0
North Dakota,2021-04-03,117,0,762062,278,0
North Dakota,2021-04-04,61,0,762062,339,0
North Dakota,2021-04-05,76,-1,762062,415,-1
North Dakota,2021-04-06,260,2,762062,675,1
North Dakota,2021-04-07,193,0,762062,868,1
North Dakota,2021-04-08,197,0,762062,1065,1
North Dakota,2021-04-09,124,2,762062,1189,3
North Dakota,2021-04-10,213,1,762062,1402,4
North Dakota,2021-04-11,44,0,762062,1446,4
North Dakota,2021-04-12,63,0,762062,1509,4
North Dakota,2021-04-13,231,2,762062,1740,6
North Dakota,2021-04-14,176,1,762062,1916,7
North Dakota,2021-04-15,165,1,762062,2081,8
North Dakota,2021-04-16,177,3,762062,2258,11
North Dakota,2021-04-17,139,1,762062,2397,12
North Dakota,2021-04-18,58,0,762062,2455,12
North Dakota,2021-04-19,51,0,762062,2506,12
North Dakota,2021-04-20,237,3,762062,2743,15
North Dakota,2021-04-21,176,2,762062,2919,17
North Dakota,2021-04-22,167,0,762062,3086,17
North Dakota,2021-04-23,152,2,762062,3238,19
North Dakota,2021-04-24,119,0,762062,3357,19
North Dakota,2021-04-25,32,0,762062,3389,19
North Dakota,2021-04-26,121,0,762062,3510,19
North Dakota,2021-04-27,189,0,762062,3699,19
North Dakota,2021-04-28,156,0,762062,3855,19
North Dakota,2021-04-29,144,5,762062,3999,24
North Dakota,2021-04-30,175,1,762062,4174,25
North Dakota,2021-05-01,166,2,762062,4340,27
North Dakota,2021-05-02,69,0,762062,4409,27
North Dakota,2021-05-03,55,0,762062,4464,27
North Dakota,2021-05-04,149,0,762062,4613,27
North Dakota,2021-05-05,169,3,762062,4782,30
North Dakota,2021-05-06,137,2,762062,4919,32
North Dakota,2021-05-07,123,-1,762062,5042,31
North Dakota,2021-05-08,98,0,762062,5140,31
North Dakota,2021-05-09,43,0,762062,5183,31
North Dakota,2021-05-10,44,0,762062,5227,31
North Dakota,2021-05-11,126,3,762062,5353,34
North Dakota,2021-05-12,111,0,762062,5464,34
North Dakota,2021-05-13,114,1,762062,5578,35
North Dakota,2021-05-14,96,1,762062,5674,36
North Dakota,2021-05-15,84,0,762062,5758,36
North Dakota,2021-05-16,47,0,762062,5805,36
North Dakota,2021-05-17,31,0,762062,5836,36
North Dakota,2021-05-18,100,0,762062,5936,36
North Dakota,2021-05-19,127,2,762062,6063,38
North Dakota,2021-05-20,78,1,762062,6141,39
North Dakota,2021-05-21,69,0,762062,6210,39
North Dakota,2021-05-22,68,0,762062,6278,39
North Dakota,2021-05-23,26,0,762062,6304,39
North Dakota,2021-05-24,30,0,762062,6334,39
North Dakota,2021-05-25,80,0,762062,6414,39
North Dakota,2021-05-26,67,2,762062,6481,41
North Dakota,2021-05-27,40,2,762062,6521,43
North Dakota,2021-05-28,49,2,762062,6570,45
North Dakota,2021-05-29,46,0,762062,6616,45
North Dakota,2021-05-30,20,0,762062,6636,45
North Dakota,2021-05-31,9,0,762062,6645,45
North Dakota,2021-06-01,18,0,762062,6663,45
North Dakota,2021-06-02,83,0,762062,6746,45
North Dakota,2021-06-03,53,3,762062,6799,48
North Dakota,2021-06-04,53,0,762062,6852,48
North Dakota,2021-06-05,27,1,762062,6879,49
North Dakota,2021-06-06,21,0,762062,6900,49
North Dakota,2021-06-07,16,0,762062,6916,49
North Dakota,2021-06-08,39,0,762062,6955,49
North Dakota,2021-06-09,44,1,762062,6999,50
North Dakota,2021-06-10,53,0,762062,7052,50
North Dakota,2021-06-11,35,3,762062,7087,53
North Dakota,2021-06-12,40,0,762062,7127,53
North Dakota,2021-06-13,6,0,762062,7133,53
North Dakota,2021-06-14,8,0,762062,7141,53
North Dakota,2021-06-15,33,1,762062,7174,54
North Dakota,2021-06-16,19,1,762062,7193,55
North Dakota,2021-06-17,28,1,762062,7221,56
North Dakota,2021-06-18,24,0,762062,7245,56
North Dakota,2021-06-19,15,0,762062,7260,56
North Dakota,2021-06-20,8,0,762062,7268,56
North Dakota,2021-06-21,4,0,762062,7272,56
North Dakota,2021-06-22,27,3,762062,7299,59
North Dakota,2021-06-23,16,0,762062,7315,59
North Dakota,2021-06-24,13,1,762062,7328,60
North Dakota,2021-06-25,17,0,762062,7345,60
North Dakota,2021-06-26,13,1,762062,7358,61
North Dakota,2021-06-27,6,0,762062,7364,61
North Dakota,2021-06-28,3,0,762062,7367,61
North Dakota,2021-06-29,14,0,762062,7381,61
North Dakota,2021-06-30,27,0,762062,7408,61
North Dakota,2021-07-01,11,0,762062,7419,61
North Dakota,2021-07-02,11,0,762062,7430,61
North Dakota,2021-07-03,5,0,762062,7435,61
North Dakota,2021-07-04,2,0,762062,7437,61
North Dakota,2021-07-05,9,0,762062,7446,61
North Dakota,2021-07-06,6,0,762062,7452,61
North Dakota,2021-07-07,28,0,762062,7480,61
North Dakota,2021-07-08,29,2,762062,7509,63
North Dakota,2021-07-09,13,2,762062,7522,65
North Dakota,2021-07-10,27,0,762062,7549,65
North Dakota,2021-07-11,9,0,762062,7558,65
North Dakota,2021-07-12,1,0,762062,7559,65
North Dakota,2021-07-13,41,0,762062,7600,65
North Dakota,2021-07-14,27,4,762062,7627,69
North Dakota,2021-07-15,32,0,762062,7659,69
North Dakota,2021-07-16,17,0,762062,7676,69
North Dakota,2021-07-17,25,1,762062,7701,70
North Dakota,2021-07-18,8,0,762062,7709,70
North Dakota,2021-07-19,11,0,762062,7720,70
North Dakota,2021-07-20,48,0,762062,7768,70
North Dakota,2021-07-21,26,1,762062,7794,71
North Dakota,2021-07-22,34,0,762062,7828,71
North Dakota,2021-07-23,43,0,762062,7871,71
North Dakota,2021-07-24,45,0,762062,7916,71
North Dakota,2021-07-25,12,0,762062,7928,71
North Dakota,2021-07-26,38,0,762062,7966,71
North Dakota,2021-07-27,66,0,762062,8032,71
North Dakota,2021-07-28,80,0,762062,8112,71
North Dakota,2021-07-29,75,0,762062,8187,71
North Dakota,2021-07-30,84,1,762062,8271,72
North Dakota,2021-07-31,74,0,762062,8345,72
North Dakota,2021-08-01,30,0,762062,8375,72
North Dakota,2021-08-02,25,0,762062,8400,72
North Dakota,2021-08-03,138,1,762062,8538,73
North Dakota,2021-08-04,96,1,762062,8634,74
North Dakota,2021-08-05,117,0,762062,8751,74
North Dakota,2021-08-06,119,1,762062,8870,75
North Dakota,2021-08-07,116,0,762062,8986,75
North Dakota,2021-08-08,51,0,762062,9037,75
North Dakota,2021-08-09,57,0,762062,9094,75
North Dakota,2021-08-10,167,0,762062,9261,75
North Dakota,2021-08-11,184,1,762062,9445,76
North Dakota,2021-08-12,150,2,762062,9595,78
North Dakota,2021-08-13,169,0,762062,9764,78
North Dakota,2021-08-14,162,0,762062,9926,78
North Dakota,2021-08-15,105,0,762062,10031,78
North Dakota,2021-08-16,74,0,762062,10105,78
North Dakota,2021-08-17,269,3,762062,10374,81
North Dakota,2021-08-18,252,0,762062,10626,81
North Dakota,2021-08-19,254,1,762062,10880,82
North Dakota,2021-08-20,302,1,762062,11182,83
North Dakota,2021-08-21,209,1,762062,11391,84
North Dakota,2021-08-22,116,0,762062,11507,84
North Dakota,2021-08-23,109,0,762062,11616,84
North Dakota,2021-08-24,397,2,762062,12013,86
North Dakota,2021-08-25,356,3,762062,12369,89
North Dakota,2021-08-26,354,1,762062,12723,90
North Dakota,2021-08-27,283,4,762062,13006,94
North Dakota,2021-08-28,361,0,762062,13367,94
North Dakota,2021-08-29,172,0,762062,13539,94
North Dakota,2021-08-30,139,0,762062,13678,94
North Dakota,2021-08-31,520,0,762062,14198,94
North Dakota,2021-09-01,458,1,762062,14656,95
North Dakota,2021-09-02,536,1,762062,15192,96
North Dakota,2021-09-03,440,2,762062,15632,98
North Dakota,2021-09-04,463,0,762062,16095,98
Ohio,2021-04-02,1677,21,11689100,1677,21
Ohio,2021-04-03,2293,8,11689100,3970,29
Ohio,2021-04-04,0,20,11689100,3970,49
Ohio,2021-04-05,2918,13,11689100,6888,62
Ohio,2021-04-06,1871,27,11689100,8759,89
Ohio,2021-04-07,2064,24,11689100,10823,113
Ohio,2021-04-08,2742,23,11689100,13565,136
Ohio,2021-04-09,1946,20,11689100,15511,156
Ohio,2021-04-10,2048,9,11689100,17559,165
Ohio,2021-04-11,1855,21,11689100,19414,186
Ohio,2021-04-12,1934,10,11689100,21348,196
Ohio,2021-04-13,2340,11,11689100,23688,207
Ohio,2021-04-14,2216,20,11689100,25904,227
Ohio,2021-04-15,2164,16,11689100,28068,243
Ohio,2021-04-16,2003,11,11689100,30071,254
Ohio,2021-04-17,1987,16,11689100,32058,270
Ohio,2021-04-18,1076,23,11689100,33134,293
Ohio,2021-04-19,1632,26,11689100,34766,319
Ohio,2021-04-20,1799,19,11689100,36565,338
Ohio,2021-04-21,1789,21,11689100,38354,359
Ohio,2021-04-22,1724,24,11689100,40078,383
Ohio,2021-04-23,1788,22,11689100,41866,405
Ohio,2021-04-24,1526,25,11689100,43392,430
Ohio,2021-04-25,873,13,11689100,44265,443
Ohio,2021-04-26,1396,21,11689100,45661,464
Ohio,2021-04-27,1560,14,11689100,47221,478
Ohio,2021-04-28,1723,13,11689100,48944,491
Ohio,2021-04-29,1786,19,11689100,50730,510
Ohio,2021-04-30,1541,22,11689100,52271,532
Ohio,2021-05-01,1707,19,11689100,53978,551
Ohio,2021-05-02,985,24,11689100,54963,575
Ohio,2021-05-03,995,17,11689100,55958,592
Ohio,2021-05-04,1285,15,11689100,57243,607
Ohio,2021-05-05,1450,19,11689100,58693,626
Ohio,2021-05-06,1387,14,11689100,60080,640
Ohio,2021-05-07,1397,13,11689100,61477,653
Ohio,2021-05-08,1297,12,11689100,62774,665
Ohio,2021-05-09,794,11,11689100,63568,676
Ohio,2021-05-10,713,16,11689100,64281,692
Ohio,2021-05-11,1411,14,11689100,65692,706
Ohio,2021-05-12,1449,16,11689100,67141,722
Ohio,2021-05-13,1161,17,11689100,68302,739
Ohio,2021-05-14,1014,13,11689100,69316,752
Ohio,2021-05-15,919,17,11689100,70235,769
Ohio,2021-05-16,618,15,11689100,70853,784
Ohio,2021-05-17,729,11,11689100,71582,795
Ohio,2021-05-18,993,13,11689100,72575,808
Ohio,2021-05-19,918,21,11689100,73493,829
Ohio,2021-05-20,1208,15,11689100,74701,844
Ohio,2021-05-21,1004,11,11689100,75705,855
Ohio,2021-05-22,871,19,11689100,76576,874
Ohio,2021-05-23,683,7,11689100,77259,881
Ohio,2021-05-24,567,18,11689100,77826,899
Ohio,2021-05-25,727,13,11689100,78553,912
Ohio,2021-05-26,986,15,11689100,79539,927
Ohio,2021-05-27,732,15,11689100,80271,942
Ohio,2021-05-28,660,16,11689100,80931,958
Ohio,2021-05-29,585,6,11689100,81516,964
Ohio,2021-05-30,377,10,11689100,81893,974
Ohio,2021-05-31,0,11,11689100,81893,985
Ohio,2021-06-01,622,13,11689100,82515,998
Ohio,2021-06-02,334,9,11689100,82849,1007
Ohio,2021-06-03,490,10,11689100,83339,1017
Ohio,2021-06-04,621,9,11689100,83960,1026
Ohio,2021-06-05,379,12,11689100,84339,1038
Ohio,2021-06-06,268,6,11689100,84607,1044
Ohio,2021-06-07,255,9,11689100,84862,1053
Ohio,2021-06-08,426,8,11689100,85288,1061
Ohio,2021-06-09,391,15,11689100,85679,1076
Ohio,2021-06-10,344,9,11689100,86023,1085
Ohio,2021-06-11,347,7,11689100,86370,1092
Ohio,2021-06-12,385,12,11689100,86755,1104
Ohio,2021-06-13,251,3,11689100,87006,1107
Ohio,2021-06-14,178,12,11689100,87184,1119
Ohio,2021-06-15,296,13,11689100,87480,1132
Ohio,2021-06-16,381,10,11689100,87861,1142
Ohio,2021-06-17,244,7,11689100,88105,1149
Ohio,2021-06-18,382,7,11689100,88487,1156
Ohio,2021-06-19,208,4,11689100,88695,1160
Ohio,2021-06-20,166,6,11689100,88861,1166
Ohio,2021-06-21,123,8,11689100,88984,1174
Ohio,2021-06-22,349,5,11689100,89333,1179
Ohio,2021-06-23,323,6,11689100,89656,1185
Ohio,2021-06-24,303,5,11689100,89959,1190
Ohio,2021-06-25,292,1,11689100,90251,1191
Ohio,2021-06-26,254,3,11689100,90505,1194
Ohio,2021-06-27,154,3,11689100,90659,1197
Ohio,2021-06-28,147,4,11689100,90806,1201
Ohio,2021-06-29,277,4,11689100,91083,1205
Ohio,2021-06-30,200,7,11689100,91283,1212
Ohio,2021-07-01,579,6,11689100,91862,1218
Ohio,2021-07-02,185,6,11689100,92047,1224
Ohio,2021-07-03,201,2,11689100,92248,1226
Ohio,2021-07-04,0,4,11689100,92248,1230
Ohio,2021-07-05,210,5,11689100,92458,1235
Ohio,2021-07-06,190,7,11689100,92648,1242
Ohio,2021-07-07,317,5,11689100,92965,1247
Ohio,2021-07-08,377,3,11689100,93342,1250
Ohio,2021-07-09,354,3,11689100,93696,1253
Ohio,2021-07-10,299,1,11689100,93995,1254
Ohio,2021-07-11,231,7,11689100,94226,1261
Ohio,2021-07-12,224,3,11689100,94450,1264
Ohio,2021-07-13,344,4,11689100,94794,1268
Ohio,2021-07-14,407,4,11689100,95201,1272
Ohio,2021-07-15,547,3,11689100,95748,1275
Ohio,2021-07-16,533,5,11689100,96281,1280
Ohio,2021-07-17,486,5,11689100,96767,1285
Ohio,2021-07-18,301,6,11689100,97068,1291
Ohio,2021-07-19,660,7,11689100,97728,1298
Ohio,2021-07-20,744,7,11689100,98472,1305
Ohio,2021-07-21,785,6,11689100,99257,1311
Ohio,2021-07-22,822,2,11689100,100079,1313
Ohio,2021-07-23,802,4,11689100,100881,1317
Ohio,2021-07-24,687,3,11689100,101568,1320
Ohio,2021-07-25,495,4,11689100,102063,1324
Ohio,2021-07-26,543,5,11689100,102606,1329
Ohio,2021-07-27,1317,4,11689100,103923,1333
Ohio,2021-07-28,1456,3,11689100,105379,1336
Ohio,2021-07-29,1205,3,11689100,106584,1339
Ohio,2021-07-30,1183,6,11689100,107767,1345
Ohio,2021-07-31,1469,10,11689100,109236,1355
Ohio,2021-08-01,857,3,11689100,110093,1358
Ohio,2021-08-02,895,4,11689100,110988,1362
Ohio,2021-08-03,1769,4,11689100,112757,1366
Ohio,2021-08-04,2167,2,11689100,114924,1368
Ohio,2021-08-05,1969,4,11689100,116893,1372
Ohio,2021-08-06,1666,3,11689100,118559,1375
Ohio,2021-08-07,2317,2,11689100,120876,1377
Ohio,2021-08-08,1413,6,11689100,122289,1383
Ohio,2021-08-09,1269,9,11689100,123558,1392
Ohio,2021-08-10,2326,2,11689100,125884,1394
Ohio,2021-08-11,3393,2,11689100,129277,1396
Ohio,2021-08-12,3272,2,11689100,132549,1398
Ohio,2021-08-13,2732,4,11689100,135281,1402
Ohio,2021-08-14,2460,3,11689100,137741,1405
Ohio,2021-08-15,1977,1,11689100,139718,1406
Ohio,2021-08-16,1814,0,11689100,141532,1406
Ohio,2021-08-17,3235,0,11689100,144767,1406
Ohio,2021-08-18,3303,0,11689100,148070,1406
Ohio,2021-08-19,3446,0,11689100,151516,1406
Ohio,2021-08-20,3783,0,11689100,155299,1406
Ohio,2021-08-21,3452,0,11689100,158751,1406
Ohio,2021-08-22,2194,0,11689100,160945,1406
Ohio,2021-08-23,2775,0,11689100,163720,1406
Ohio,2021-08-24,4117,40,11689100,167837,1446
Ohio,2021-08-25,4600,0,11689100,172437,1446
Ohio,2021-08-26,5395,0,11689100,177832,1446
Ohio,2021-08-27,4855,70,11689100,182687,1516
Ohio,2021-08-28,5204,0,11689100,187891,1516
Ohio,2021-08-29,3963,0,11689100,191854,1516
Ohio,2021-08-30,3091,0,11689100,194945,1516
Ohio,2021-08-31,5914,67,11689100,200859,1583
Ohio,2021-09-01,7102,0,11689100,207961,1583
Ohio,2021-09-02,7087,0,11689100,215048,1583
Ohio,2021-09-03,6179,81,11689100,221227,1664
Ohio,2021-09-04,6369,0,11689100,227596,1664
Oklahoma,2021-04-02,381,0,3956971,381,0
Oklahoma,2021-04-03,2,0,3956971,383,0
Oklahoma,2021-04-04,0,0,3956971,383,0
Oklahoma,2021-04-05,889,0,3956971,1272,0
Oklahoma,2021-04-06,-1294,0,3956971,-22,0
Oklahoma,2021-04-07,1764,1716,3956971,1742,1716
Oklahoma,2021-04-08,483,0,3956971,2225,1716
Oklahoma,2021-04-09,416,0,3956971,2641,1716
Oklahoma,2021-04-10,0,0,3956971,2641,1716
Oklahoma,2021-04-11,0,0,3956971,2641,1716
Oklahoma,2021-04-12,968,0,3956971,3609,1716
Oklahoma,2021-04-13,109,0,3956971,3718,1716
Oklahoma,2021-04-14,346,28,3956971,4064,1744
Oklahoma,2021-04-15,362,0,3956971,4426,1744
Oklahoma,2021-04-16,273,0,3956971,4699,1744
Oklahoma,2021-04-17,0,0,3956971,4699,1744
Oklahoma,2021-04-18,0,0,3956971,4699,1744
Oklahoma,2021-04-19,787,0,3956971,5486,1744
Oklahoma,2021-04-20,75,0,3956971,5561,1744
Oklahoma,2021-04-21,238,19,3956971,5799,1763
Oklahoma,2021-04-22,283,0,3956971,6082,1763
Oklahoma,2021-04-23,304,0,3956971,6386,1763
Oklahoma,2021-04-24,0,0,3956971,6386,1763
Oklahoma,2021-04-25,0,0,3956971,6386,1763
Oklahoma,2021-04-26,728,0,3956971,7114,1763
Oklahoma,2021-04-27,115,0,3956971,7229,1763
Oklahoma,2021-04-28,249,72,3956971,7478,1835
Oklahoma,2021-04-29,289,0,3956971,7767,1835
Oklahoma,2021-04-30,374,0,3956971,8141,1835
Oklahoma,2021-05-01,0,0,3956971,8141,1835
Oklahoma,2021-05-02,0,0,3956971,8141,1835
Oklahoma,2021-05-03,567,0,3956971,8708,1835
Oklahoma,2021-05-04,169,0,3956971,8877,1835
Oklahoma,2021-05-05,225,44,3956971,9102,1879
Oklahoma,2021-05-06,148,0,3956971,9250,1879
Oklahoma,2021-05-07,234,0,3956971,9484,1879
Oklahoma,2021-05-08,0,0,3956971,9484,1879
Oklahoma,2021-05-09,0,0,3956971,9484,1879
Oklahoma,2021-05-10,667,0,3956971,10151,1879
Oklahoma,2021-05-11,85,0,3956971,10236,1879
Oklahoma,2021-05-12,143,46,3956971,10379,1925
Oklahoma,2021-05-13,153,0,3956971,10532,1925
Oklahoma,2021-05-14,151,0,3956971,10683,1925
Oklahoma,2021-05-15,0,0,3956971,10683,1925
Oklahoma,2021-05-16,0,0,3956971,10683,1925
Oklahoma,2021-05-17,431,0,3956971,11114,1925
Oklahoma,2021-05-18,71,0,3956971,11185,1925
Oklahoma,2021-05-19,124,40,3956971,11309,1965
Oklahoma,2021-05-20,172,0,3956971,11481,1965
Oklahoma,2021-05-21,185,0,3956971,11666,1965
Oklahoma,2021-05-22,0,0,3956971,11666,1965
Oklahoma,2021-05-23,0,0,3956971,11666,1965
Oklahoma,2021-05-24,458,0,3956971,12124,1965
Oklahoma,2021-05-25,89,0,3956971,12213,1965
Oklahoma,2021-05-26,119,373,3956971,12332,2338
Oklahoma,2021-05-27,137,0,3956971,12469,2338
Oklahoma,2021-05-28,144,0,3956971,12613,2338
Oklahoma,2021-05-29,0,0,3956971,12613,2338
Oklahoma,2021-05-30,0,0,3956971,12613,2338
Oklahoma,2021-05-31,0,0,3956971,12613,2338
Oklahoma,2021-06-01,466,0,3956971,13079,2338
Oklahoma,2021-06-02,42,25,3956971,13121,2363
Oklahoma,2021-06-03,115,0,3956971,13236,2363
Oklahoma,2021-06-04,152,0,3956971,13388,2363
Oklahoma,2021-06-05,0,0,3956971,13388,2363
Oklahoma,2021-06-06,0,0,3956971,13388,2363
Oklahoma,2021-06-07,338,0,3956971,13726,2363
Oklahoma,2021-06-08,80,0,3956971,13806,2363
Oklahoma,2021-06-09,124,9,3956971,13930,2372
Oklahoma,2021-06-10,122,0,3956971,14052,2372
Oklahoma,2021-06-11,178,0,3956971,14230,2372
Oklahoma,2021-06-12,0,0,3956971,14230,2372
Oklahoma,2021-06-13,0,0,3956971,14230,2372
Oklahoma,2021-06-14,490,0,3956971,14720,2372
Oklahoma,2021-06-15,45,0,3956971,14765,2372
Oklahoma,2021-06-16,216,29,3956971,14981,2401
Oklahoma,2021-06-17,209,0,3956971,15190,2401
Oklahoma,2021-06-18,181,0,3956971,15371,2401
Oklahoma,2021-06-19,0,0,3956971,15371,2401
Oklahoma,2021-06-20,0,0,3956971,15371,2401
Oklahoma,2021-06-21,451,0,3956971,15822,2401
Oklahoma,2021-06-22,162,0,3956971,15984,2401
Oklahoma,2021-06-23,265,30,3956971,16249,2431
Oklahoma,2021-06-24,273,0,3956971,16522,2431
Oklahoma,2021-06-25,224,0,3956971,16746,2431
Oklahoma,2021-06-26,0,0,3956971,16746,2431
Oklahoma,2021-06-27,0,0,3956971,16746,2431
Oklahoma,2021-06-28,580,0,3956971,17326,2431
Oklahoma,2021-06-29,85,0,3956971,17411,2431
Oklahoma,2021-06-30,276,4,3956971,17687,2435
Oklahoma,2021-07-01,329,0,3956971,18016,2435
Oklahoma,2021-07-02,303,0,3956971,18319,2435
Oklahoma,2021-07-03,0,0,3956971,18319,2435
Oklahoma,2021-07-04,0,0,3956971,18319,2435
Oklahoma,2021-07-05,0,0,3956971,18319,2435
Oklahoma,2021-07-06,1041,0,3956971,19360,2435
Oklahoma,2021-07-07,151,18,3956971,19511,2453
Oklahoma,2021-07-08,456,0,3956971,19967,2453
Oklahoma,2021-07-09,551,0,3956971,20518,2453
Oklahoma,2021-07-10,0,0,3956971,20518,2453
Oklahoma,2021-07-11,0,0,3956971,20518,2453
Oklahoma,2021-07-12,1211,0,3956971,21729,2453
Oklahoma,2021-07-13,0,0,3956971,21729,2453
Oklahoma,2021-07-14,1259,11,3956971,22988,2464
Oklahoma,2021-07-15,705,0,3956971,23693,2464
Oklahoma,2021-07-16,750,0,3956971,24443,2464
Oklahoma,2021-07-17,0,0,3956971,24443,2464
Oklahoma,2021-07-18,0,0,3956971,24443,2464
Oklahoma,2021-07-19,2126,0,3956971,26569,2464
Oklahoma,2021-07-20,465,0,3956971,27034,2464
Oklahoma,2021-07-21,1203,37,3956971,28237,2501
Oklahoma,2021-07-22,1581,0,3956971,29818,2501
Oklahoma,2021-07-23,1194,0,3956971,31012,2501
Oklahoma,2021-07-24,0,0,3956971,31012,2501
Oklahoma,2021-07-25,0,0,3956971,31012,2501
Oklahoma,2021-07-26,3669,0,3956971,34681,2501
Oklahoma,2021-07-27,733,0,3956971,35414,2501
Oklahoma,2021-07-28,1474,31,3956971,36888,2532
Oklahoma,2021-07-29,1806,0,3956971,38694,2532
Oklahoma,2021-07-30,1777,0,3956971,40471,2532
Oklahoma,2021-07-31,0,0,3956971,40471,2532
Oklahoma,2021-08-01,0,0,3956971,40471,2532
Oklahoma,2021-08-02,5597,0,3956971,46068,2532
Oklahoma,2021-08-03,946,0,3956971,47014,2532
Oklahoma,2021-08-04,2160,46,3956971,49174,2578
Oklahoma,2021-08-05,2342,0,3956971,51516,2578
Oklahoma,2021-08-06,2303,0,3956971,53819,2578
Oklahoma,2021-08-07,0,0,3956971,53819,2578
Oklahoma,2021-08-08,0,0,3956971,53819,2578
Oklahoma,2021-08-09,6328,0,3956971,60147,2578
Oklahoma,2021-08-10,1042,0,3956971,61189,2578
Oklahoma,2021-08-11,2199,63,3956971,63388,2641
Oklahoma,2021-08-12,2468,0,3956971,65856,2641
Oklahoma,2021-08-13,2814,0,3956971,68670,2641
Oklahoma,2021-08-14,0,0,3956971,68670,2641
Oklahoma,2021-08-15,0,0,3956971,68670,2641
Oklahoma,2021-08-16,6967,0,3956971,75637,2641
Oklahoma,2021-08-17,862,0,3956971,76499,2641
Oklahoma,2021-08-18,2360,82,3956971,78859,2723
Oklahoma,2021-08-19,2502,0,3956971,81361,2723
Oklahoma,2021-08-20,2851,0,3956971,84212,2723
Oklahoma,2021-08-21,0,0,3956971,84212,2723
Oklahoma,2021-08-22,0,0,3956971,84212,2723
Oklahoma,2021-08-23,6218,0,3956971,90430,2723
Oklahoma,2021-08-24,1794,0,3956971,92224,2723
Oklahoma,2021-08-25,2534,136,3956971,94758,2859
Oklahoma,2021-08-26,4152,0,3956971,98910,2859
Oklahoma,2021-08-27,3338,0,3956971,102248,2859
Oklahoma,2021-08-28,0,0,3956971,102248,2859
Oklahoma,2021-08-29,0,0,3956971,102248,2859
Oklahoma,2021-08-30,7827,0,3956971,110075,2859
Oklahoma,2021-08-31,1719,0,3956971,111794,2859
Oklahoma,2021-09-01,2538,189,3956971,114332,3048
Oklahoma,2021-09-02,3274,0,3956971,117606,3048
Oklahoma,2021-09-03,3080,0,3956971,120686,3048
Oklahoma,2021-09-04,0,0,3956971,120686,3048
Oregon,2021-04-02,489,0,4217737,489,0
Oregon,2021-04-03,467,6,4217737,956,6
Oregon,2021-04-04,402,1,4217737,1358,7
Oregon,2021-04-05,246,2,4217737,1604,9
Oregon,2021-04-06,530,33,4217737,2134,42
Oregon,2021-04-07,470,7,4217737,2604,49
Oregon,2021-04-08,667,5,4217737,3271,54
Oregon,2021-04-09,543,1,4217737,3814,55
Oregon,2021-04-10,747,0,4217737,4561,55
Oregon,2021-04-11,483,0,4217737,5044,55
Oregon,2021-04-12,282,1,4217737,5326,56
Oregon,2021-04-13,548,5,4217737,5874,61
Oregon,2021-04-14,808,3,4217737,6682,64
Oregon,2021-04-15,725,6,4217737,7407,70
Oregon,2021-04-16,695,2,4217737,8102,72
Oregon,2021-04-17,875,3,4217737,8977,75
Oregon,2021-04-18,620,0,4217737,9597,75
Oregon,2021-04-19,471,0,4217737,10068,75
Oregon,2021-04-20,565,1,4217737,10633,76
Oregon,2021-04-21,977,6,4217737,11610,82
Oregon,2021-04-22,976,1,4217737,12586,83
Oregon,2021-04-23,1010,9,4217737,13596,92
Oregon,2021-04-24,810,7,4217737,14406,99
Oregon,2021-04-25,770,1,4217737,15176,100
Oregon,2021-04-26,621,1,4217737,15797,101
Oregon,2021-04-27,719,2,4217737,16516,103
Oregon,2021-04-28,876,2,4217737,17392,105
Oregon,2021-04-29,914,1,4217737,18306,106
Oregon,2021-04-30,982,4,4217737,19288,110
Oregon,2021-05-01,785,3,4217737,20073,113
Oregon,2021-05-02,747,3,4217737,20820,116
Oregon,2021-05-03,534,1,4217737,21354,117
Oregon,2021-05-04,733,6,4217737,22087,123
Oregon,2021-05-05,806,1,4217737,22893,124
Oregon,2021-05-06,745,5,4217737,23638,129
Oregon,2021-05-07,824,8,4217737,24462,137
Oregon,2021-05-08,818,6,4217737,25280,143
Oregon,2021-05-09,601,2,4217737,25881,145
Oregon,2021-05-10,369,3,4217737,26250,148
Oregon,2021-05-11,642,16,4217737,26892,164
Oregon,2021-05-12,598,11,4217737,27490,175
Oregon,2021-05-13,718,12,4217737,28208,187
Oregon,2021-05-14,810,10,4217737,29018,197
Oregon,2021-05-15,637,3,4217737,29655,200
Oregon,2021-05-16,505,2,4217737,30160,202
Oregon,2021-05-17,200,3,4217737,30360,205
Oregon,2021-05-18,508,4,4217737,30868,209
Oregon,2021-05-19,396,7,4217737,31264,216
Oregon,2021-05-20,568,5,4217737,31832,221
Oregon,2021-05-21,495,7,4217737,32327,228
Oregon,2021-05-22,505,5,4217737,32832,233
Oregon,2021-05-23,333,4,4217737,33165,237
Oregon,2021-05-24,283,2,4217737,33448,239
Oregon,2021-05-25,419,4,4217737,33867,243
Oregon,2021-05-26,393,11,4217737,34260,254
Oregon,2021-05-27,426,21,4217737,34686,275
Oregon,2021-05-28,422,5,4217737,35108,280
Oregon,2021-05-29,373,1,4217737,35481,281
Oregon,2021-05-30,255,2,4217737,35736,283
Oregon,2021-05-31,215,3,4217737,35951,286
Oregon,2021-06-01,175,3,4217737,36126,289
Oregon,2021-06-02,348,2,4217737,36474,291
Oregon,2021-06-03,249,7,4217737,36723,298
Oregon,2021-06-04,433,3,4217737,37156,301
Oregon,2021-06-05,315,5,4217737,37471,306
Oregon,2021-06-06,257,3,4217737,37728,309
Oregon,2021-06-07,122,0,4217737,37850,309
Oregon,2021-06-08,297,6,4217737,38147,315
Oregon,2021-06-09,262,16,4217737,38409,331
Oregon,2021-06-10,358,10,4217737,38767,341
Oregon,2021-06-11,296,0,4217737,39063,341
Oregon,2021-06-12,279,3,4217737,39342,344
Oregon,2021-06-13,164,1,4217737,39506,345
Oregon,2021-06-14,124,0,4217737,39630,345
Oregon,2021-06-15,305,7,4217737,39935,352
Oregon,2021-06-16,239,7,4217737,40174,359
Oregon,2021-06-17,290,1,4217737,40464,360
Oregon,2021-06-18,311,5,4217737,40775,365
Oregon,2021-06-19,282,3,4217737,41057,368
Oregon,2021-06-20,196,1,4217737,41253,369
Oregon,2021-06-21,74,2,4217737,41327,371
Oregon,2021-06-22,255,1,4217737,41582,372
Oregon,2021-06-23,227,2,4217737,41809,374
Oregon,2021-06-24,225,1,4217737,42034,375
Oregon,2021-06-25,229,1,4217737,42263,376
Oregon,2021-06-26,212,2,4217737,42475,378
Oregon,2021-06-27,138,0,4217737,42613,378
Oregon,2021-06-28,85,0,4217737,42698,378
Oregon,2021-06-29,224,7,4217737,42922,385
Oregon,2021-06-30,194,4,4217737,43116,389
Oregon,2021-07-01,196,4,4217737,43312,393
Oregon,2021-07-02,201,3,4217737,43513,396
Oregon,2021-07-03,0,0,4217737,43513,396
Oregon,2021-07-04,0,0,4217737,43513,396
Oregon,2021-07-05,0,0,4217737,43513,396
Oregon,2021-07-06,457,1,4217737,43970,397
Oregon,2021-07-07,270,6,4217737,44240,403
Oregon,2021-07-08,210,2,4217737,44450,405
Oregon,2021-07-09,256,2,4217737,44706,407
Oregon,2021-07-10,0,0,4217737,44706,407
Oregon,2021-07-11,0,0,4217737,44706,407
Oregon,2021-07-12,499,5,4217737,45205,412
Oregon,2021-07-13,336,3,4217737,45541,415
Oregon,2021-07-14,250,3,4217737,45791,418
Oregon,2021-07-15,316,7,4217737,46107,425
Oregon,2021-07-16,367,7,4217737,46474,432
Oregon,2021-07-17,0,0,4217737,46474,432
Oregon,2021-07-18,0,0,4217737,46474,432
Oregon,2021-07-19,757,9,4217737,47231,441
Oregon,2021-07-20,584,6,4217737,47815,447
Oregon,2021-07-21,391,1,4217737,48206,448
Oregon,2021-07-22,533,1,4217737,48739,449
Oregon,2021-07-23,606,2,4217737,49345,451
Oregon,2021-07-24,0,0,4217737,49345,451
Oregon,2021-07-25,0,0,4217737,49345,451
Oregon,2021-07-26,984,2,4217737,50329,453
Oregon,2021-07-27,1022,5,4217737,51351,458
Oregon,2021-07-28,815,6,4217737,52166,464
Oregon,2021-07-29,999,6,4217737,53165,470
Oregon,2021-07-30,1066,3,4217737,54231,473
Oregon,2021-07-31,0,0,4217737,54231,473
Oregon,2021-08-01,0,0,4217737,54231,473
Oregon,2021-08-02,2044,5,4217737,56275,478
Oregon,2021-08-03,1565,9,4217737,57840,487
Oregon,2021-08-04,1183,5,4217737,59023,492
Oregon,2021-08-05,1372,8,4217737,60395,500
Oregon,2021-08-06,980,4,4217737,61375,504
Oregon,2021-08-07,0,0,4217737,61375,504
Oregon,2021-08-08,0,0,4217737,61375,504
Oregon,2021-08-09,3204,14,4217737,64579,518
Oregon,2021-08-10,2333,9,4217737,66912,527
Oregon,2021-08-11,1957,8,4217737,68869,535
Oregon,2021-08-12,2305,8,4217737,71174,543
Oregon,2021-08-13,1765,7,4217737,72939,550
Oregon,2021-08-14,0,0,4217737,72939,550
Oregon,2021-08-15,0,0,4217737,72939,550
Oregon,2021-08-16,4380,14,4217737,77319,564
Oregon,2021-08-17,2915,15,4217737,80234,579
Oregon,2021-08-18,2108,11,4217737,82342,590
Oregon,2021-08-19,2969,19,4217737,85311,609
Oregon,2021-08-20,2142,18,4217737,87453,627
Oregon,2021-08-21,0,0,4217737,87453,627
Oregon,2021-08-22,0,0,4217737,87453,627
Oregon,2021-08-23,4667,24,4217737,92120,651
Oregon,2021-08-24,2781,30,4217737,94901,681
Oregon,2021-08-25,2739,20,4217737,97640,701
Oregon,2021-08-26,2046,9,4217737,99686,710
Oregon,2021-08-27,3191,20,4217737,102877,730
Oregon,2021-08-28,0,0,4217737,102877,730
Oregon,2021-08-29,0,0,4217737,102877,730
Oregon,2021-08-30,5495,40,4217737,108372,770
Oregon,2021-08-31,2391,43,4217737,110763,813
Oregon,2021-09-01,2800,23,4217737,113563,836
Oregon,2021-09-02,2426,27,4217737,115989,863
Oregon,2021-09-03,2360,24,4217737,118349,887
Oregon,2021-09-04,0,0,4217737,118349,887
Pennsylvania,2021-04-02,4072,24,12801989,4072,24
Pennsylvania,2021-04-03,5324,32,12801989,9396,56
Pennsylvania,2021-04-04,2986,8,12801989,12382,64
Pennsylvania,2021-04-05,3924,7,12801989,16306,71
Pennsylvania,2021-04-06,4868,38,12801989,21174,109
Pennsylvania,2021-04-07,4643,51,12801989,25817,160
Pennsylvania,2021-04-08,4444,43,12801989,30261,203
Pennsylvania,2021-04-09,5156,45,12801989,35417,248
Pennsylvania,2021-04-10,4184,33,12801989,39601,281
Pennsylvania,2021-04-11,3320,4,12801989,42921,285
Pennsylvania,2021-04-12,3875,6,12801989,46796,291
Pennsylvania,2021-04-13,6096,56,12801989,52892,347
Pennsylvania,2021-04-14,6313,50,12801989,59205,397
Pennsylvania,2021-04-15,5108,48,12801989,64313,445
Pennsylvania,2021-04-16,5596,65,12801989,69909,510
Pennsylvania,2021-04-17,4377,32,12801989,74286,542
Pennsylvania,2021-04-18,2708,22,12801989,76994,564
Pennsylvania,2021-04-19,3192,9,12801989,80186,573
Pennsylvania,2021-04-20,5037,74,12801989,85223,647
Pennsylvania,2021-04-21,4539,66,12801989,89762,713
Pennsylvania,2021-04-22,4090,50,12801989,93852,763
Pennsylvania,2021-04-23,4035,59,12801989,97887,822
Pennsylvania,2021-04-24,3689,36,12801989,101576,858
Pennsylvania,2021-04-25,2594,5,12801989,104170,863
Pennsylvania,2021-04-26,2735,9,12801989,106905,872
Pennsylvania,2021-04-27,3623,72,12801989,110528,944
Pennsylvania,2021-04-28,3553,60,12801989,114081,1004
Pennsylvania,2021-04-29,3400,48,12801989,117481,1052
Pennsylvania,2021-04-30,4413,33,12801989,121894,1085
Pennsylvania,2021-05-01,2684,30,12801989,124578,1115
Pennsylvania,2021-05-02,2182,19,12801989,126760,1134
Pennsylvania,2021-05-03,2463,16,12801989,129223,1150
Pennsylvania,2021-05-04,2624,51,12801989,131847,1201
Pennsylvania,2021-05-05,2348,49,12801989,134195,1250
Pennsylvania,2021-05-06,3311,60,12801989,137506,1310
Pennsylvania,2021-05-07,2606,36,12801989,140112,1346
Pennsylvania,2021-05-08,2334,31,12801989,142446,1377
Pennsylvania,2021-05-09,1096,9,12801989,143542,1386
Pennsylvania,2021-05-10,1689,35,12801989,145231,1421
Pennsylvania,2021-05-11,2226,49,12801989,147457,1470
Pennsylvania,2021-05-12,1898,32,12801989,149355,1502
Pennsylvania,2021-05-13,2558,58,12801989,151913,1560
Pennsylvania,2021-05-14,1631,22,12801989,153544,1582
Pennsylvania,2021-05-15,1734,21,12801989,155278,1603
Pennsylvania,2021-05-16,869,53,12801989,156147,1656
Pennsylvania,2021-05-17,1430,34,12801989,157577,1690
Pennsylvania,2021-05-18,1612,30,12801989,159189,1720
Pennsylvania,2021-05-19,1056,43,12801989,160245,1763
Pennsylvania,2021-05-20,1776,51,12801989,162021,1814
Pennsylvania,2021-05-21,1676,20,12801989,163697,1834
Pennsylvania,2021-05-22,1257,37,12801989,164954,1871
Pennsylvania,2021-05-23,812,9,12801989,165766,1880
Pennsylvania,2021-05-24,1200,23,12801989,166966,1903
Pennsylvania,2021-05-25,795,33,12801989,167761,1936
Pennsylvania,2021-05-26,959,32,12801989,168720,1968
Pennsylvania,2021-05-27,1222,51,12801989,169942,2019
Pennsylvania,2021-05-28,893,45,12801989,170835,2064
Pennsylvania,2021-05-29,704,15,12801989,171539,2079
Pennsylvania,2021-05-30,474,6,12801989,172013,2085
Pennsylvania,2021-05-31,319,5,12801989,172332,2090
Pennsylvania,2021-06-01,846,0,12801989,173178,2090
Pennsylvania,2021-06-02,523,45,12801989,173701,2135
Pennsylvania,2021-06-03,746,36,12801989,174447,2171
Pennsylvania,2021-06-04,613,30,12801989,175060,2201
Pennsylvania,2021-06-05,402,18,12801989,175462,2219
Pennsylvania,2021-06-06,330,5,12801989,175792,2224
Pennsylvania,2021-06-07,467,12,12801989,176259,2236
Pennsylvania,2021-06-08,423,35,12801989,176682,2271
Pennsylvania,2021-06-09,373,22,12801989,177055,2293
Pennsylvania,2021-06-10,668,21,12801989,177723,2314
Pennsylvania,2021-06-11,374,19,12801989,178097,2333
Pennsylvania,2021-06-12,302,8,12801989,178399,2341
Pennsylvania,2021-06-13,168,14,12801989,178567,2355
Pennsylvania,2021-06-14,351,11,12801989,178918,2366
Pennsylvania,2021-06-15,422,24,12801989,179340,2390
Pennsylvania,2021-06-16,279,17,12801989,179619,2407
Pennsylvania,2021-06-17,344,15,12801989,179963,2422
Pennsylvania,2021-06-18,230,13,12801989,180193,2435
Pennsylvania,2021-06-19,170,0,12801989,180363,2435
Pennsylvania,2021-06-20,100,7,12801989,180463,2442
Pennsylvania,2021-06-21,221,2,12801989,180684,2444
Pennsylvania,2021-06-22,123,36,12801989,180807,2480
Pennsylvania,2021-06-23,135,8,12801989,180942,2488
Pennsylvania,2021-06-24,361,15,12801989,181303,2503
Pennsylvania,2021-06-25,154,9,12801989,181457,2512
Pennsylvania,2021-06-26,148,6,12801989,181605,2518
Pennsylvania,2021-06-27,96,9,12801989,181701,2527
Pennsylvania,2021-06-28,160,6,12801989,181861,2533
Pennsylvania,2021-06-29,137,13,12801989,181998,2546
Pennsylvania,2021-06-30,149,8,12801989,182147,2554
Pennsylvania,2021-07-01,386,9,12801989,182533,2563
Pennsylvania,2021-07-02,150,8,12801989,182683,2571
Pennsylvania,2021-07-03,173,9,12801989,182856,2580
Pennsylvania,2021-07-04,101,2,12801989,182957,2582
Pennsylvania,2021-07-05,95,0,12801989,183052,2582
Pennsylvania,2021-07-06,83,2,12801989,183135,2584
Pennsylvania,2021-07-07,140,10,12801989,183275,2594
Pennsylvania,2021-07-08,390,11,12801989,183665,2605
Pennsylvania,2021-07-09,194,7,12801989,183859,2612
Pennsylvania,2021-07-10,199,7,12801989,184058,2619
Pennsylvania,2021-07-11,141,3,12801989,184199,2622
Pennsylvania,2021-07-12,255,4,12801989,184454,2626
Pennsylvania,2021-07-13,275,9,12801989,184729,2635
Pennsylvania,2021-07-14,244,13,12801989,184973,2648
Pennsylvania,2021-07-15,317,10,12801989,185290,2658
Pennsylvania,2021-07-16,338,4,12801989,185628,2662
Pennsylvania,2021-07-17,325,4,12801989,185953,2666
Pennsylvania,2021-07-18,268,2,12801989,186221,2668
Pennsylvania,2021-07-19,697,3,12801989,186918,2671
Pennsylvania,2021-07-20,486,10,12801989,187404,2681
Pennsylvania,2021-07-21,475,8,12801989,187879,2689
Pennsylvania,2021-07-22,715,6,12801989,188594,2695
Pennsylvania,2021-07-23,450,1,12801989,189044,2696
Pennsylvania,2021-07-24,552,3,12801989,189596,2699
Pennsylvania,2021-07-25,362,4,12801989,189958,2703
Pennsylvania,2021-07-26,937,0,12801989,190895,2703
Pennsylvania,2021-07-27,830,4,12801989,191725,2707
Pennsylvania,2021-07-28,563,7,12801989,192288,2714
Pennsylvania,2021-07-29,1384,4,12801989,193672,2718
Pennsylvania,2021-07-30,898,8,12801989,194570,2726
Pennsylvania,2021-07-31,0,0,12801989,194570,2726
Pennsylvania,2021-08-01,1740,6,12801989,196310,2732
Pennsylvania,2021-08-02,1496,1,12801989,197806,2733
Pennsylvania,2021-08-03,1223,11,12801989,199029,2744
Pennsylvania,2021-08-04,1735,15,12801989,200764,2759
Pennsylvania,2021-08-05,1691,7,12801989,202455,2766
Pennsylvania,2021-08-06,1665,8,12801989,204120,2774
Pennsylvania,2021-08-07,1444,2,12801989,205564,2776
Pennsylvania,2021-08-08,0,0,12801989,205564,2776
Pennsylvania,2021-08-09,2728,3,12801989,208292,2779
Pennsylvania,2021-08-10,2029,11,12801989,210321,2790
Pennsylvania,2021-08-11,1775,11,12801989,212096,2801
Pennsylvania,2021-08-12,2259,16,12801989,214355,2817
Pennsylvania,2021-08-13,2098,16,12801989,216453,2833
Pennsylvania,2021-08-14,1842,9,12801989,218295,2842
Pennsylvania,2021-08-15,1886,0,12801989,220181,2842
Pennsylvania,2021-08-16,2076,0,12801989,222257,2842
Pennsylvania,2021-08-17,2085,27,12801989,224342,2869
Pennsylvania,2021-08-18,2386,25,12801989,226728,2894
Pennsylvania,2021-08-19,3908,22,12801989,230636,2916
Pennsylvania,2021-08-20,2544,19,12801989,233180,2935
Pennsylvania,2021-08-21,2307,15,12801989,235487,2950
Pennsylvania,2021-08-22,1834,1,12801989,237321,2951
Pennsylvania,2021-08-23,2584,1,12801989,239905,2952
Pennsylvania,2021-08-24,2768,22,12801989,242673,2974
Pennsylvania,2021-08-25,4094,33,12801989,246767,3007
Pennsylvania,2021-08-26,3333,27,12801989,250100,3034
Pennsylvania,2021-08-27,3509,22,12801989,253609,3056
Pennsylvania,2021-08-28,3283,25,12801989,256892,3081
Pennsylvania,2021-08-29,2440,4,12801989,259332,3085
Pennsylvania,2021-08-30,3355,5,12801989,262687,3090
Pennsylvania,2021-08-31,3249,21,12801989,265936,3111
Pennsylvania,2021-09-01,3331,0,12801989,269267,3111
Pennsylvania,2021-09-02,4585,90,12801989,273852,3201
Pennsylvania,2021-09-03,3438,27,12801989,277290,3228
Pennsylvania,2021-09-04,4026,26,12801989,281316,3254
Rhode Island,2021-04-02,407,6,1059361,407,6
Rhode Island,2021-04-03,0,0,1059361,407,6
Rhode Island,2021-04-04,0,0,1059361,407,6
Rhode Island,2021-04-05,918,-1,1059361,1325,5
Rhode Island,2021-04-06,376,3,1059361,1701,8
Rhode Island,2021-04-07,476,3,1059361,2177,11
Rhode Island,2021-04-08,509,1,1059361,2686,12
Rhode Island,2021-04-09,563,2,1059361,3249,14
Rhode Island,2021-04-10,0,0,1059361,3249,14
Rhode Island,2021-04-11,0,0,1059361,3249,14
Rhode Island,2021-04-12,0,0,1059361,3249,14
Rhode Island,2021-04-13,1677,2,1059361,4926,16
Rhode Island,2021-04-14,477,2,1059361,5403,18
Rhode Island,2021-04-15,489,4,1059361,5892,22
Rhode Island,2021-04-16,409,1,1059361,6301,23
Rhode Island,2021-04-17,0,0,1059361,6301,23
Rhode Island,2021-04-18,0,0,1059361,6301,23
Rhode Island,2021-04-19,817,4,1059361,7118,27
Rhode Island,2021-04-20,392,3,1059361,7510,30
Rhode Island,2021-04-21,289,4,1059361,7799,34
Rhode Island,2021-04-22,381,2,1059361,8180,36
Rhode Island,2021-04-23,296,0,1059361,8476,36
Rhode Island,2021-04-24,0,0,1059361,8476,36
Rhode Island,2021-04-25,0,0,1059361,8476,36
Rhode Island,2021-04-26,636,3,1059361,9112,39
Rhode Island,2021-04-27,260,1,1059361,9372,40
Rhode Island,2021-04-28,381,4,1059361,9753,44
Rhode Island,2021-04-29,296,1,1059361,10049,45
Rhode Island,2021-04-30,289,2,1059361,10338,47
Rhode Island,2021-05-01,0,0,1059361,10338,47
Rhode Island,2021-05-02,0,0,1059361,10338,47
Rhode Island,2021-05-03,483,7,1059361,10821,54
Rhode Island,2021-05-04,260,3,1059361,11081,57
Rhode Island,2021-05-05,268,1,1059361,11349,58
Rhode Island,2021-05-06,187,3,1059361,11536,61
Rhode Island,2021-05-07,193,2,1059361,11729,63
Rhode Island,2021-05-08,0,0,1059361,11729,63
Rhode Island,2021-05-09,0,0,1059361,11729,63
Rhode Island,2021-05-10,371,3,1059361,12100,66
Rhode Island,2021-05-11,149,4,1059361,12249,70
Rhode Island,2021-05-12,155,2,1059361,12404,72
Rhode Island,2021-05-13,-21,2,1059361,12383,74
Rhode Island,2021-05-14,154,2,1059361,12537,76
Rhode Island,2021-05-15,0,0,1059361,12537,76
Rhode Island,2021-05-16,0,0,1059361,12537,76
Rhode Island,2021-05-17,263,1,1059361,12800,77
Rhode Island,2021-05-18,89,2,1059361,12889,79
Rhode Island,2021-05-19,0,0,1059361,12889,79
Rhode Island,2021-05-20,211,0,1059361,13100,79
Rhode Island,2021-05-21,310,1,1059361,13410,80
Rhode Island,2021-05-22,0,0,1059361,13410,80
Rhode Island,2021-05-23,0,0,1059361,13410,80
Rhode Island,2021-05-24,182,1,1059361,13592,81
Rhode Island,2021-05-25,62,2,1059361,13654,83
Rhode Island,2021-05-26,78,1,1059361,13732,84
Rhode Island,2021-05-27,111,0,1059361,13843,84
Rhode Island,2021-05-28,52,0,1059361,13895,84
Rhode Island,2021-05-29,0,0,1059361,13895,84
Rhode Island,2021-05-30,0,0,1059361,13895,84
Rhode Island,2021-05-31,0,0,1059361,13895,84
Rhode Island,2021-06-01,101,4,1059361,13996,88
Rhode Island,2021-06-02,51,0,1059361,14047,88
Rhode Island,2021-06-03,41,3,1059361,14088,91
Rhode Island,2021-06-04,56,2,1059361,14144,93
Rhode Island,2021-06-05,0,0,1059361,14144,93
Rhode Island,2021-06-06,0,0,1059361,14144,93
Rhode Island,2021-06-07,82,0,1059361,14226,93
Rhode Island,2021-06-08,32,2,1059361,14258,95
Rhode Island,2021-06-09,47,3,1059361,14305,98
Rhode Island,2021-06-10,34,0,1059361,14339,98
Rhode Island,2021-06-11,26,0,1059361,14365,98
Rhode Island,2021-06-12,0,0,1059361,14365,98
Rhode Island,2021-06-13,0,0,1059361,14365,98
Rhode Island,2021-06-14,60,0,1059361,14425,98
Rhode Island,2021-06-15,33,1,1059361,14458,99
Rhode Island,2021-06-16,27,0,1059361,14485,99
Rhode Island,2021-06-17,26,1,1059361,14511,100
Rhode Island,2021-06-18,24,0,1059361,14535,100
Rhode Island,2021-06-19,0,0,1059361,14535,100
Rhode Island,2021-06-20,0,0,1059361,14535,100
Rhode Island,2021-06-21,46,0,1059361,14581,100
Rhode Island,2021-06-22,14,2,1059361,14595,102
Rhode Island,2021-06-23,38,0,1059361,14633,102
Rhode Island,2021-06-24,20,1,1059361,14653,103
Rhode Island,2021-06-25,13,1,1059361,14666,104
Rhode Island,2021-06-26,0,0,1059361,14666,104
Rhode Island,2021-06-27,0,0,1059361,14666,104
Rhode Island,2021-06-28,53,0,1059361,14719,104
Rhode Island,2021-06-29,22,0,1059361,14741,104
Rhode Island,2021-06-30,24,2,1059361,14765,106
Rhode Island,2021-07-01,5,0,1059361,14770,106
Rhode Island,2021-07-02,25,0,1059361,14795,106
Rhode Island,2021-07-03,0,0,1059361,14795,106
Rhode Island,2021-07-04,0,0,1059361,14795,106
Rhode Island,2021-07-05,0,0,1059361,14795,106
Rhode Island,2021-07-06,55,0,1059361,14850,106
Rhode Island,2021-07-07,40,0,1059361,14890,106
Rhode Island,2021-07-08,10,0,1059361,14900,106
Rhode Island,2021-07-09,-19,0,1059361,14881,106
Rhode Island,2021-07-10,0,0,1059361,14881,106
Rhode Island,2021-07-11,0,0,1059361,14881,106
Rhode Island,2021-07-12,90,1,1059361,14971,107
Rhode Island,2021-07-13,23,0,1059361,14994,107
Rhode Island,2021-07-14,31,1,1059361,15025,108
Rhode Island,2021-07-15,54,4,1059361,15079,112
Rhode Island,2021-07-16,44,0,1059361,15123,112
Rhode Island,2021-07-17,0,0,1059361,15123,112
Rhode Island,2021-07-18,0,0,1059361,15123,112
Rhode Island,2021-07-19,132,1,1059361,15255,113
Rhode Island,2021-07-20,65,1,1059361,15320,114
Rhode Island,2021-07-21,101,0,1059361,15421,114
Rhode Island,2021-07-22,86,1,1059361,15507,115
Rhode Island,2021-07-23,92,0,1059361,15599,115
Rhode Island,2021-07-24,0,0,1059361,15599,115
Rhode Island,2021-07-25,0,0,1059361,15599,115
Rhode Island,2021-07-26,250,0,1059361,15849,115
Rhode Island,2021-07-27,105,0,1059361,15954,115
Rhode Island,2021-07-28,152,0,1059361,16106,115
Rhode Island,2021-07-29,199,0,1059361,16305,115
Rhode Island,2021-07-30,186,1,1059361,16491,116
Rhode Island,2021-07-31,0,0,1059361,16491,116
Rhode Island,2021-08-01,0,0,1059361,16491,116
Rhode Island,2021-08-02,451,0,1059361,16942,116
Rhode Island,2021-08-03,195,0,1059361,17137,116
Rhode Island,2021-08-04,302,3,1059361,17439,119
Rhode Island,2021-08-05,240,0,1059361,17679,119
Rhode Island,2021-08-06,298,0,1059361,17977,119
Rhode Island,2021-08-07,0,0,1059361,17977,119
Rhode Island,2021-08-08,0,0,1059361,17977,119
Rhode Island,2021-08-09,0,0,1059361,17977,119
Rhode Island,2021-08-10,714,1,1059361,18691,120
Rhode Island,2021-08-11,285,0,1059361,18976,120
Rhode Island,2021-08-12,364,0,1059361,19340,120
Rhode Island,2021-08-13,401,0,1059361,19741,120
Rhode Island,2021-08-14,0,0,1059361,19741,120
Rhode Island,2021-08-15,0,0,1059361,19741,120
Rhode Island,2021-08-16,694,3,1059361,20435,123
Rhode Island,2021-08-17,331,0,1059361,20766,123
Rhode Island,2021-08-18,405,1,1059361,21171,124
Rhode Island,2021-08-19,336,4,1059361,21507,128
Rhode Island,2021-08-20,355,1,1059361,21862,129
Rhode Island,2021-08-21,0,0,1059361,21862,129
Rhode Island,2021-08-22,0,0,1059361,21862,129
Rhode Island,2021-08-23,619,4,1059361,22481,133
Rhode Island,2021-08-24,236,2,1059361,22717,135
Rhode Island,2021-08-25,383,1,1059361,23100,136
Rhode Island,2021-08-26,355,2,1059361,23455,138
Rhode Island,2021-08-27,398,2,1059361,23853,140
Rhode Island,2021-08-28,0,0,1059361,23853,140
Rhode Island,2021-08-29,0,0,1059361,23853,140
Rhode Island,2021-08-30,624,5,1059361,24477,145
Rhode Island,2021-08-31,292,1,1059361,24769,146
Rhode Island,2021-09-01,352,2,1059361,25121,148
Rhode Island,2021-09-02,419,0,1059361,25540,148
Rhode Island,2021-09-03,354,1,1059361,25894,149
Rhode Island,2021-09-04,0,0,1059361,25894,149
South Carolina,2021-04-02,1350,5,5148714,1350,5
South Carolina,2021-04-03,1243,17,5148714,2593,22
South Carolina,2021-04-04,0,0,5148714,2593,22
South Carolina,2021-04-05,1195,7,5148714,3788,29
South Carolina,2021-04-06,1334,1,5148714,5122,30
South Carolina,2021-04-07,828,9,5148714,5950,39
South Carolina,2021-04-08,966,24,5148714,6916,63
South Carolina,2021-04-09,1165,11,5148714,8081,74
South Carolina,2021-04-10,1011,25,5148714,9092,99
South Carolina,2021-04-11,918,3,5148714,10010,102
South Carolina,2021-04-12,736,0,5148714,10746,102
South Carolina,2021-04-13,701,13,5148714,11447,115
South Carolina,2021-04-14,803,15,5148714,12250,130
South Carolina,2021-04-15,1087,3,5148714,13337,133
South Carolina,2021-04-16,1259,2,5148714,14596,135
South Carolina,2021-04-17,981,12,5148714,15577,147
South Carolina,2021-04-18,1021,15,5148714,16598,162
South Carolina,2021-04-19,753,16,5148714,17351,178
South Carolina,2021-04-20,574,3,5148714,17925,181
South Carolina,2021-04-21,763,10,5148714,18688,191
South Carolina,2021-04-22,879,23,5148714,19567,214
South Carolina,2021-04-23,977,16,5148714,20544,230
South Carolina,2021-04-24,1001,10,5148714,21545,240
South Carolina,2021-04-25,759,16,5148714,22304,256
South Carolina,2021-04-26,530,3,5148714,22834,259
South Carolina,2021-04-27,441,2,5148714,23275,261
South Carolina,2021-04-28,683,37,5148714,23958,298
South Carolina,2021-04-29,911,23,5148714,24869,321
South Carolina,2021-04-30,1109,2,5148714,25978,323
South Carolina,2021-05-01,897,9,5148714,26875,332
South Carolina,2021-05-02,717,14,5148714,27592,346
South Carolina,2021-05-03,521,4,5148714,28113,350
South Carolina,2021-05-04,427,0,5148714,28540,350
South Carolina,2021-05-05,614,12,5148714,29154,362
South Carolina,2021-05-06,671,22,5148714,29825,384
South Carolina,2021-05-07,867,8,5148714,30692,392
South Carolina,2021-05-08,623,20,5148714,31315,412
South Carolina,2021-05-09,521,6,5148714,31836,418
South Carolina,2021-05-10,415,4,5148714,32251,422
South Carolina,2021-05-11,287,0,5148714,32538,422
South Carolina,2021-05-12,382,7,5148714,32920,429
South Carolina,2021-05-13,356,16,5148714,33276,445
South Carolina,2021-05-14,628,8,5148714,33904,453
South Carolina,2021-05-15,1525,11,5148714,35429,464
South Carolina,2021-05-16,483,15,5148714,35912,479
South Carolina,2021-05-17,346,1,5148714,36258,480
South Carolina,2021-05-18,159,2,5148714,36417,482
South Carolina,2021-05-19,390,11,5148714,36807,493
South Carolina,2021-05-20,358,2,5148714,37165,495
South Carolina,2021-05-21,468,3,5148714,37633,498
South Carolina,2021-05-22,331,2,5148714,37964,500
South Carolina,2021-05-23,336,10,5148714,38300,510
South Carolina,2021-05-24,384,6,5148714,38684,516
South Carolina,2021-05-25,160,15,5148714,38844,531
South Carolina,2021-05-26,337,3,5148714,39181,534
South Carolina,2021-05-27,381,3,5148714,39562,537
South Carolina,2021-05-28,408,15,5148714,39970,552
South Carolina,2021-05-29,261,2,5148714,40231,554
South Carolina,2021-05-30,180,4,5148714,40411,558
South Carolina,2021-05-31,170,4,5148714,40581,562
South Carolina,2021-06-01,0,0,5148714,40581,562
South Carolina,2021-06-02,264,3,5148714,40845,565
South Carolina,2021-06-03,102,0,5148714,40947,565
South Carolina,2021-06-04,99,5,5148714,41046,570
South Carolina,2021-06-05,221,8,5148714,41267,578
South Carolina,2021-06-06,182,2,5148714,41449,580
South Carolina,2021-06-07,95,0,5148714,41544,580
South Carolina,2021-06-08,120,0,5148714,41664,580
South Carolina,2021-06-09,229,7,5148714,41893,587
South Carolina,2021-06-10,85,0,5148714,41978,587
South Carolina,2021-06-11,146,15,5148714,42124,602
South Carolina,2021-06-12,0,0,5148714,42124,602
South Carolina,2021-06-13,72,4,5148714,42196,606
South Carolina,2021-06-14,324,10,5148714,42520,616
South Carolina,2021-06-15,84,0,5148714,42604,616
South Carolina,2021-06-16,25,-4,5148714,42629,612
South Carolina,2021-06-17,51,4,5148714,42680,616
South Carolina,2021-06-18,87,2,5148714,42767,618
South Carolina,2021-06-19,0,0,5148714,42767,618
South Carolina,2021-06-20,0,0,5148714,42767,618
South Carolina,2021-06-21,302,9,5148714,43069,627
South Carolina,2021-06-22,63,3,5148714,43132,630
South Carolina,2021-06-23,88,0,5148714,43220,630
South Carolina,2021-06-24,131,1,5148714,43351,631
South Carolina,2021-06-25,112,14,5148714,43463,645
South Carolina,2021-06-26,0,0,5148714,43463,645
South Carolina,2021-06-27,0,0,5148714,43463,645
South Carolina,2021-06-28,472,-5,5148714,43935,640
South Carolina,2021-06-29,96,3,5148714,44031,643
South Carolina,2021-06-30,128,2,5148714,44159,645
South Carolina,2021-07-01,181,7,5148714,44340,652
South Carolina,2021-07-02,240,4,5148714,44580,656
South Carolina,2021-07-03,0,0,5148714,44580,656
South Carolina,2021-07-04,0,0,5148714,44580,656
South Carolina,2021-07-05,700,11,5148714,45280,667
South Carolina,2021-07-06,132,0,5148714,45412,667
South Carolina,2021-07-07,136,2,5148714,45548,669
South Carolina,2021-07-08,282,1,5148714,45830,670
South Carolina,2021-07-09,407,2,5148714,46237,672
South Carolina,2021-07-10,0,0,5148714,46237,672
South Carolina,2021-07-11,0,0,5148714,46237,672
South Carolina,2021-07-12,1109,10,5148714,47346,682
South Carolina,2021-07-13,256,0,5148714,47602,682
South Carolina,2021-07-14,324,4,5148714,47926,686
South Carolina,2021-07-15,625,5,5148714,48551,691
South Carolina,2021-07-16,571,-3,5148714,49122,688
South Carolina,2021-07-17,0,0,5148714,49122,688
South Carolina,2021-07-18,0,0,5148714,49122,688
South Carolina,2021-07-19,1838,-5,5148714,50960,683
South Carolina,2021-07-20,332,3,5148714,51292,686
South Carolina,2021-07-21,677,10,5148714,51969,696
South Carolina,2021-07-22,940,6,5148714,52909,702
South Carolina,2021-07-23,1243,2,5148714,54152,704
South Carolina,2021-07-24,0,0,5148714,54152,704
South Carolina,2021-07-25,0,0,5148714,54152,704
South Carolina,2021-07-26,3644,4,5148714,57796,708
South Carolina,2021-07-27,1117,1,5148714,58913,709
South Carolina,2021-07-28,1439,11,5148714,60352,720
South Carolina,2021-07-29,1879,10,5148714,62231,730
South Carolina,2021-07-30,2236,0,5148714,64467,730
South Carolina,2021-07-31,0,0,5148714,64467,730
South Carolina,2021-08-01,0,0,5148714,64467,730
South Carolina,2021-08-02,6799,11,5148714,71266,741
South Carolina,2021-08-03,2091,2,5148714,73357,743
South Carolina,2021-08-04,2164,13,5148714,75521,756
South Carolina,2021-08-05,2835,9,5148714,78356,765
South Carolina,2021-08-06,3273,11,5148714,81629,776
South Carolina,2021-08-07,0,0,5148714,81629,776
South Carolina,2021-08-08,0,0,5148714,81629,776
South Carolina,2021-08-09,9311,31,5148714,90940,807
South Carolina,2021-08-10,2238,11,5148714,93178,818
South Carolina,2021-08-11,2649,15,5148714,95827,833
South Carolina,2021-08-12,3279,12,5148714,99106,845
South Carolina,2021-08-13,4526,20,5148714,103632,865
South Carolina,2021-08-14,0,0,5148714,103632,865
South Carolina,2021-08-15,0,0,5148714,103632,865
South Carolina,2021-08-16,11039,69,5148714,114671,934
South Carolina,2021-08-17,2286,7,5148714,116957,941
South Carolina,2021-08-18,3534,25,5148714,120491,966
South Carolina,2021-08-19,3259,42,5148714,123750,1008
South Carolina,2021-08-20,5228,31,5148714,128978,1039
South Carolina,2021-08-21,0,0,5148714,128978,1039
South Carolina,2021-08-22,0,0,5148714,128978,1039
South Carolina,2021-08-23,13830,101,5148714,142808,1140
South Carolina,2021-08-24,3708,10,5148714,146516,1150
South Carolina,2021-08-25,3697,33,5148714,150213,1183
South Carolina,2021-08-26,4541,56,5148714,154754,1239
South Carolina,2021-08-27,6830,39,5148714,161584,1278
South Carolina,2021-08-28,0,0,5148714,161584,1278
South Carolina,2021-08-29,0,0,5148714,161584,1278
South Carolina,2021-08-30,16420,110,5148714,178004,1388
South Carolina,2021-08-31,4602,36,5148714,182606,1424
South Carolina,2021-09-01,5347,86,5148714,187953,1510
South Carolina,2021-09-02,5523,59,5148714,193476,1569
South Carolina,2021-09-03,6221,38,5148714,199697,1607
South Carolina,2021-09-04,0,0,5148714,199697,1607
South Dakota,2021-04-02,197,0,884659,197,0
South Dakota,2021-04-03,175,0,884659,372,0
South Dakota,2021-04-04,0,0,884659,372,0
South Dakota,2021-04-05,156,0,884659,528,0
South Dakota,2021-04-06,163,0,884659,691,0
South Dakota,2021-04-07,295,0,884659,986,0
South Dakota,2021-04-08,222,1,884659,1208,1
South Dakota,2021-04-09,270,7,884659,1478,8
South Dakota,2021-04-10,238,0,884659,1716,8
South Dakota,2021-04-11,0,0,884659,1716,8
South Dakota,2021-04-12,187,1,884659,1903,9
South Dakota,2021-04-13,262,0,884659,2165,9
South Dakota,2021-04-14,225,1,884659,2390,10
South Dakota,2021-04-15,234,1,884659,2624,11
South Dakota,2021-04-16,243,3,884659,2867,14
South Dakota,2021-04-17,200,1,884659,3067,15
South Dakota,2021-04-18,0,0,884659,3067,15
South Dakota,2021-04-19,133,0,884659,3200,15
South Dakota,2021-04-20,171,0,884659,3371,15
South Dakota,2021-04-21,157,1,884659,3528,16
South Dakota,2021-04-22,134,2,884659,3662,18
South Dakota,2021-04-23,199,1,884659,3861,19
South Dakota,2021-04-24,136,1,884659,3997,20
South Dakota,2021-04-25,0,0,884659,3997,20
South Dakota,2021-04-26,94,2,884659,4091,22
South Dakota,2021-04-27,148,1,884659,4239,23
South Dakota,2021-04-28,170,1,884659,4409,24
South Dakota,2021-04-29,134,0,884659,4543,24
South Dakota,2021-04-30,128,5,884659,4671,29
South Dakota,2021-05-01,0,0,884659,4671,29
South Dakota,2021-05-02,0,0,884659,4671,29
South Dakota,2021-05-03,85,3,884659,4756,32
South Dakota,2021-05-04,229,3,884659,4985,35
South Dakota,2021-05-05,99,3,884659,5084,38
South Dakota,2021-05-06,84,1,884659,5168,39
South Dakota,2021-05-07,76,3,884659,5244,42
South Dakota,2021-05-08,0,0,884659,5244,42
South Dakota,2021-05-09,0,0,884659,5244,42
South Dakota,2021-05-10,77,1,884659,5321,43
South Dakota,2021-05-11,125,0,884659,5446,43
South Dakota,2021-05-12,83,7,884659,5529,50
South Dakota,2021-05-13,81,1,884659,5610,51
South Dakota,2021-05-14,45,2,884659,5655,53
South Dakota,2021-05-15,0,0,884659,5655,53
South Dakota,2021-05-16,0,0,884659,5655,53
South Dakota,2021-05-17,42,2,884659,5697,55
South Dakota,2021-05-18,98,1,884659,5795,56
South Dakota,2021-05-19,38,0,884659,5833,56
South Dakota,2021-05-20,55,7,884659,5888,63
South Dakota,2021-05-21,34,0,884659,5922,63
South Dakota,2021-05-22,0,0,884659,5922,63
South Dakota,2021-05-23,0,0,884659,5922,63
South Dakota,2021-05-24,31,3,884659,5953,66
South Dakota,2021-05-25,81,0,884659,6034,66
South Dakota,2021-05-26,48,0,884659,6082,66
South Dakota,2021-05-27,34,0,884659,6116,66
South Dakota,2021-05-28,57,6,884659,6173,72
South Dakota,2021-05-29,0,0,884659,6173,72
South Dakota,2021-05-30,0,0,884659,6173,72
South Dakota,2021-05-31,29,4,884659,6202,76
South Dakota,2021-06-01,0,0,884659,6202,76
South Dakota,2021-06-02,36,5,884659,6238,81
South Dakota,2021-06-03,15,1,884659,6253,82
South Dakota,2021-06-04,19,2,884659,6272,84
South Dakota,2021-06-05,0,0,884659,6272,84
South Dakota,2021-06-06,0,0,884659,6272,84
South Dakota,2021-06-07,12,0,884659,6284,84
South Dakota,2021-06-08,29,1,884659,6313,85
South Dakota,2021-06-09,12,0,884659,6325,85
South Dakota,2021-06-10,21,3,884659,6346,88
South Dakota,2021-06-11,8,0,884659,6354,88
South Dakota,2021-06-12,0,0,884659,6354,88
South Dakota,2021-06-13,17,0,884659,6371,88
South Dakota,2021-06-14,-4,0,884659,6367,88
South Dakota,2021-06-15,21,0,884659,6388,88
South Dakota,2021-06-16,5,0,884659,6393,88
South Dakota,2021-06-17,11,1,884659,6404,89
South Dakota,2021-06-18,0,0,884659,6404,89
South Dakota,2021-06-19,0,0,884659,6404,89
South Dakota,2021-06-20,0,0,884659,6404,89
South Dakota,2021-06-21,18,0,884659,6422,89
South Dakota,2021-06-22,35,0,884659,6457,89
South Dakota,2021-06-23,25,2,884659,6482,91
South Dakota,2021-06-24,11,0,884659,6493,91
South Dakota,2021-06-25,14,1,884659,6507,92
South Dakota,2021-06-26,0,0,884659,6507,92
South Dakota,2021-06-27,0,0,884659,6507,92
South Dakota,2021-06-28,19,0,884659,6526,92
South Dakota,2021-06-29,11,3,884659,6537,95
South Dakota,2021-06-30,20,2,884659,6557,97
South Dakota,2021-07-01,24,3,884659,6581,100
South Dakota,2021-07-02,22,0,884659,6603,100
South Dakota,2021-07-03,0,0,884659,6603,100
South Dakota,2021-07-04,0,0,884659,6603,100
South Dakota,2021-07-05,0,0,884659,6603,100
South Dakota,2021-07-06,0,0,884659,6603,100
South Dakota,2021-07-07,60,1,884659,6663,101
South Dakota,2021-07-08,0,0,884659,6663,101
South Dakota,2021-07-09,0,0,884659,6663,101
South Dakota,2021-07-10,0,0,884659,6663,101
South Dakota,2021-07-11,0,0,884659,6663,101
South Dakota,2021-07-12,0,0,884659,6663,101
South Dakota,2021-07-13,0,0,884659,6663,101
South Dakota,2021-07-14,98,1,884659,6761,102
South Dakota,2021-07-15,14,1,884659,6775,103
South Dakota,2021-07-16,0,0,884659,6775,103
South Dakota,2021-07-17,0,0,884659,6775,103
South Dakota,2021-07-18,0,0,884659,6775,103
South Dakota,2021-07-19,0,0,884659,6775,103
South Dakota,2021-07-20,0,0,884659,6775,103
South Dakota,2021-07-21,196,2,884659,6971,105
South Dakota,2021-07-22,0,0,884659,6971,105
South Dakota,2021-07-23,0,0,884659,6971,105
South Dakota,2021-07-24,0,0,884659,6971,105
South Dakota,2021-07-25,0,0,884659,6971,105
South Dakota,2021-07-26,0,0,884659,6971,105
South Dakota,2021-07-27,0,0,884659,6971,105
South Dakota,2021-07-28,265,2,884659,7236,107
South Dakota,2021-07-29,0,0,884659,7236,107
South Dakota,2021-07-30,0,0,884659,7236,107
South Dakota,2021-07-31,0,0,884659,7236,107
South Dakota,2021-08-01,0,0,884659,7236,107
South Dakota,2021-08-02,0,0,884659,7236,107
South Dakota,2021-08-03,0,0,884659,7236,107
South Dakota,2021-08-04,374,7,884659,7610,114
South Dakota,2021-08-05,0,0,884659,7610,114
South Dakota,2021-08-06,0,0,884659,7610,114
South Dakota,2021-08-07,0,0,884659,7610,114
South Dakota,2021-08-08,0,0,884659,7610,114
South Dakota,2021-08-09,0,0,884659,7610,114
South Dakota,2021-08-10,0,0,884659,7610,114
South Dakota,2021-08-11,859,1,884659,8469,115
South Dakota,2021-08-12,153,0,884659,8622,115
South Dakota,2021-08-13,138,1,884659,8760,116
South Dakota,2021-08-14,0,0,884659,8760,116
South Dakota,2021-08-15,0,0,884659,8760,116
South Dakota,2021-08-16,178,1,884659,8938,117
South Dakota,2021-08-17,395,2,884659,9333,119
South Dakota,2021-08-18,376,1,884659,9709,120
South Dakota,2021-08-19,295,1,884659,10004,121
South Dakota,2021-08-20,304,0,884659,10308,121
South Dakota,2021-08-21,0,0,884659,10308,121
South Dakota,2021-08-22,0,0,884659,10308,121
South Dakota,2021-08-23,329,0,884659,10637,121
South Dakota,2021-08-24,785,0,884659,11422,121
South Dakota,2021-08-25,455,2,884659,11877,123
South Dakota,2021-08-26,471,1,884659,12348,124
South Dakota,2021-08-27,439,2,884659,12787,126
South Dakota,2021-08-28,0,0,884659,12787,126
South Dakota,2021-08-29,0,0,884659,12787,126
South Dakota,2021-08-30,463,5,884659,13250,131
South Dakota,2021-08-31,1020,2,884659,14270,133
South Dakota,2021-09-01,578,0,884659,14848,133
South Dakota,2021-09-02,535,2,884659,15383,135
South Dakota,2021-09-03,483,1,884659,15866,136
South Dakota,2021-09-04,0,0,884659,15866,136
Tennessee,2021-04-02,0,0,6829174,0,0
Tennessee,2021-04-03,0,0,6829174,0,0
Tennessee,2021-04-04,0,0,6829174,0,0
Tennessee,2021-04-05,3408,14,6829174,3408,14
Tennessee,2021-04-06,986,38,6829174,4394,52
Tennessee,2021-04-07,1497,9,6829174,5891,61
Tennessee,2021-04-08,1460,21,6829174,7351,82
Tennessee,2021-04-09,1120,4,6829174,8471,86
Tennessee,2021-04-10,0,0,6829174,8471,86
Tennessee,2021-04-11,0,0,6829174,8471,86
Tennessee,2021-04-12,2829,14,6829174,11300,100
Tennessee,2021-04-13,1457,7,6829174,12757,107
Tennessee,2021-04-14,1208,10,6829174,13965,117
Tennessee,2021-04-15,1535,9,6829174,15500,126
Tennessee,2021-04-16,1370,8,6829174,16870,134
Tennessee,2021-04-17,0,0,6829174,16870,134
Tennessee,2021-04-18,0,0,6829174,16870,134
Tennessee,2021-04-19,5358,32,6829174,22228,166
Tennessee,2021-04-20,721,15,6829174,22949,181
Tennessee,2021-04-21,1270,15,6829174,24219,196
Tennessee,2021-04-22,2008,19,6829174,26227,215
Tennessee,2021-04-23,1208,12,6829174,27435,227
Tennessee,2021-04-24,0,0,6829174,27435,227
Tennessee,2021-04-25,0,0,6829174,27435,227
Tennessee,2021-04-26,2010,10,6829174,29445,237
Tennessee,2021-04-27,1187,11,6829174,30632,248
Tennessee,2021-04-28,1134,8,6829174,31766,256
Tennessee,2021-04-29,1092,17,6829174,32858,273
Tennessee,2021-04-30,958,9,6829174,33816,282
Tennessee,2021-05-01,0,0,6829174,33816,282
Tennessee,2021-05-02,0,0,6829174,33816,282
Tennessee,2021-05-03,2006,8,6829174,35822,290
Tennessee,2021-05-04,542,12,6829174,36364,302
Tennessee,2021-05-05,907,11,6829174,37271,313
Tennessee,2021-05-06,1187,17,6829174,38458,330
Tennessee,2021-05-07,769,10,6829174,39227,340
Tennessee,2021-05-08,0,0,6829174,39227,340
Tennessee,2021-05-09,0,0,6829174,39227,340
Tennessee,2021-05-10,1519,21,6829174,40746,361
Tennessee,2021-05-11,558,16,6829174,41304,377
Tennessee,2021-05-12,669,4,6829174,41973,381
Tennessee,2021-05-13,841,9,6829174,42814,390
Tennessee,2021-05-14,627,7,6829174,43441,397
Tennessee,2021-05-15,0,0,6829174,43441,397
Tennessee,2021-05-16,0,0,6829174,43441,397
Tennessee,2021-05-17,1300,15,6829174,44741,412
Tennessee,2021-05-18,449,12,6829174,45190,424
Tennessee,2021-05-19,477,14,6829174,45667,438
Tennessee,2021-05-20,420,11,6829174,46087,449
Tennessee,2021-05-21,383,16,6829174,46470,465
Tennessee,2021-05-22,0,0,6829174,46470,465
Tennessee,2021-05-23,0,0,6829174,46470,465
Tennessee,2021-05-24,882,13,6829174,47352,478
Tennessee,2021-05-25,347,7,6829174,47699,485
Tennessee,2021-05-26,393,6,6829174,48092,491
Tennessee,2021-05-27,392,22,6829174,48484,513
Tennessee,2021-05-28,303,13,6829174,48787,526
Tennessee,2021-05-29,0,0,6829174,48787,526
Tennessee,2021-05-30,0,0,6829174,48787,526
Tennessee,2021-05-31,0,0,6829174,48787,526
Tennessee,2021-06-01,603,15,6829174,49390,541
Tennessee,2021-06-02,324,9,6829174,49714,550
Tennessee,2021-06-03,292,7,6829174,50006,557
Tennessee,2021-06-04,220,4,6829174,50226,561
Tennessee,2021-06-05,0,0,6829174,50226,561
Tennessee,2021-06-06,0,0,6829174,50226,561
Tennessee,2021-06-07,355,3,6829174,50581,564
Tennessee,2021-06-08,189,13,6829174,50770,577
Tennessee,2021-06-09,199,2,6829174,50969,579
Tennessee,2021-06-10,362,2,6829174,51331,581
Tennessee,2021-06-11,140,2,6829174,51471,583
Tennessee,2021-06-12,0,0,6829174,51471,583
Tennessee,2021-06-13,0,0,6829174,51471,583
Tennessee,2021-06-14,0,0,6829174,51471,583
Tennessee,2021-06-15,426,6,6829174,51897,589
Tennessee,2021-06-16,239,2,6829174,52136,591
Tennessee,2021-06-17,0,0,6829174,52136,591
Tennessee,2021-06-18,277,10,6829174,52413,601
Tennessee,2021-06-19,0,0,6829174,52413,601
Tennessee,2021-06-20,0,0,6829174,52413,601
Tennessee,2021-06-21,297,8,6829174,52710,609
Tennessee,2021-06-22,95,10,6829174,52805,619
Tennessee,2021-06-23,189,5,6829174,52994,624
Tennessee,2021-06-24,62,4,6829174,53056,628
Tennessee,2021-06-25,0,0,6829174,53056,628
Tennessee,2021-06-26,68,7,6829174,53124,635
Tennessee,2021-06-27,0,0,6829174,53124,635
Tennessee,2021-06-28,145,7,6829174,53269,642
Tennessee,2021-06-29,-42,7,6829174,53227,649
Tennessee,2021-06-30,123,-2,6829174,53350,647
Tennessee,2021-07-01,193,6,6829174,53543,653
Tennessee,2021-07-02,250,3,6829174,53793,656
Tennessee,2021-07-03,0,0,6829174,53793,656
Tennessee,2021-07-04,0,0,6829174,53793,656
Tennessee,2021-07-05,0,0,6829174,53793,656
Tennessee,2021-07-06,915,6,6829174,54708,662
Tennessee,2021-07-07,416,6,6829174,55124,668
Tennessee,2021-07-08,453,9,6829174,55577,677
Tennessee,2021-07-09,561,4,6829174,56138,681
Tennessee,2021-07-10,0,0,6829174,56138,681
Tennessee,2021-07-11,0,0,6829174,56138,681
Tennessee,2021-07-12,1219,12,6829174,57357,693
Tennessee,2021-07-13,575,8,6829174,57932,701
Tennessee,2021-07-14,816,9,6829174,58748,710
Tennessee,2021-07-15,572,3,6829174,59320,713
Tennessee,2021-07-16,11,-95,6829174,59331,618
Tennessee,2021-07-17,0,0,6829174,59331,618
Tennessee,2021-07-18,740,92,6829174,60071,710
Tennessee,2021-07-19,1943,5,6829174,62014,715
Tennessee,2021-07-20,915,8,6829174,62929,723
Tennessee,2021-07-21,1307,4,6829174,64236,727
Tennessee,2021-07-22,1412,15,6829174,65648,742
Tennessee,2021-07-23,1527,7,6829174,67175,749
Tennessee,2021-07-24,0,0,6829174,67175,749
Tennessee,2021-07-25,0,0,6829174,67175,749
Tennessee,2021-07-26,3628,19,6829174,70803,768
Tennessee,2021-07-27,2102,20,6829174,72905,788
Tennessee,2021-07-28,2226,12,6829174,75131,800
Tennessee,2021-07-29,2586,8,6829174,77717,808
Tennessee,2021-07-30,2223,1,6829174,79940,809
Tennessee,2021-07-31,0,0,6829174,79940,809
Tennessee,2021-08-01,0,0,6829174,79940,809
Tennessee,2021-08-02,6864,25,6829174,86804,834
Tennessee,2021-08-03,2677,17,6829174,89481,851
Tennessee,2021-08-04,3798,10,6829174,93279,861
Tennessee,2021-08-05,3292,15,6829174,96571,876
Tennessee,2021-08-06,3925,29,6829174,100496,905
Tennessee,2021-08-07,0,0,6829174,100496,905
Tennessee,2021-08-08,0,0,6829174,100496,905
Tennessee,2021-08-09,9410,17,6829174,109906,922
Tennessee,2021-08-10,3490,39,6829174,113396,961
Tennessee,2021-08-11,4097,9,6829174,117493,970
Tennessee,2021-08-12,5507,20,6829174,123000,990
Tennessee,2021-08-13,4647,29,6829174,127647,1019
Tennessee,2021-08-14,0,0,6829174,127647,1019
Tennessee,2021-08-15,0,0,6829174,127647,1019
Tennessee,2021-08-16,13349,45,6829174,140996,1064
Tennessee,2021-08-17,3559,32,6829174,144555,1096
Tennessee,2021-08-18,5478,27,6829174,150033,1123
Tennessee,2021-08-19,6351,51,6829174,156384,1174
Tennessee,2021-08-20,7232,46,6829174,163616,1220
Tennessee,2021-08-21,0,0,6829174,163616,1220
Tennessee,2021-08-22,0,0,6829174,163616,1220
Tennessee,2021-08-23,20249,62,6829174,183865,1282
Tennessee,2021-08-24,5153,31,6829174,189018,1313
Tennessee,2021-08-25,0,0,6829174,189018,1313
Tennessee,2021-08-26,11311,68,6829174,200329,1381
Tennessee,2021-08-27,7635,42,6829174,207964,1423
Tennessee,2021-08-28,0,0,6829174,207964,1423
Tennessee,2021-08-29,0,0,6829174,207964,1423
Tennessee,2021-08-30,20545,84,6829174,228509,1507
Tennessee,2021-08-31,9686,56,6829174,238195,1563
Tennessee,2021-09-01,9419,32,6829174,247614,1595
Tennessee,2021-09-02,3199,37,6829174,250813,1632
Tennessee,2021-09-03,6698,75,6829174,257511,1707
Tennessee,2021-09-04,0,0,6829174,257511,1707
Texas,2021-04-02,2365,104,28995881,2365,104
Texas,2021-04-03,1843,77,28995881,4208,181
Texas,2021-04-04,1007,21,28995881,5215,202
Texas,2021-04-05,4683,32,28995881,9898,234
Texas,2021-04-06,4362,86,28995881,14260,320
Texas,2021-04-07,3840,103,28995881,18100,423
Texas,2021-04-08,4490,99,28995881,22590,522
Texas,2021-04-09,3289,104,28995881,25879,626
Texas,2021-04-10,2662,67,28995881,28541,693
Texas,2021-04-11,1426,24,28995881,29967,717
Texas,2021-04-12,4995,19,28995881,34962,736
Texas,2021-04-13,5188,58,28995881,40150,794
Texas,2021-04-14,3709,70,28995881,43859,864
Texas,2021-04-15,3060,82,28995881,46919,946
Texas,2021-04-16,3172,69,28995881,50091,1015
Texas,2021-04-17,1971,52,28995881,52062,1067
Texas,2021-04-18,1503,33,28995881,53565,1100
Texas,2021-04-19,4477,23,28995881,58042,1123
Texas,2021-04-20,4840,54,28995881,62882,1177
Texas,2021-04-21,4427,76,28995881,67309,1253
Texas,2021-04-22,3429,70,28995881,70738,1323
Texas,2021-04-23,2659,59,28995881,73397,1382
Texas,2021-04-24,2349,44,28995881,75746,1426
Texas,2021-04-25,1239,15,28995881,76985,1441
Texas,2021-04-26,4443,31,28995881,81428,1472
Texas,2021-04-27,3985,60,28995881,85413,1532
Texas,2021-04-28,4215,71,28995881,89628,1603
Texas,2021-04-29,3619,66,28995881,93247,1669
Texas,2021-04-30,3671,55,28995881,96918,1724
Texas,2021-05-01,1882,55,28995881,98800,1779
Texas,2021-05-02,1300,16,28995881,100100,1795
Texas,2021-05-03,4439,41,28995881,104539,1836
Texas,2021-05-04,2385,80,28995881,106924,1916
Texas,2021-05-05,2428,60,28995881,109352,1976
Texas,2021-05-06,2714,56,28995881,112066,2032
Texas,2021-05-07,2851,56,28995881,114917,2088
Texas,2021-05-08,1553,43,28995881,116470,2131
Texas,2021-05-09,1024,17,28995881,117494,2148
Texas,2021-05-10,2715,22,28995881,120209,2170
Texas,2021-05-11,2824,54,28995881,123033,2224
Texas,2021-05-12,2637,66,28995881,125670,2290
Texas,2021-05-13,2086,55,28995881,127756,2345
Texas,2021-05-14,2429,63,28995881,130185,2408
Texas,2021-05-15,1194,37,28995881,131379,2445
Texas,2021-05-16,661,1,28995881,132040,2446
Texas,2021-05-17,2450,31,28995881,134490,2477
Texas,2021-05-18,3092,40,28995881,137582,2517
Texas,2021-05-19,2022,69,28995881,139604,2586
Texas,2021-05-20,1647,47,28995881,141251,2633
Texas,2021-05-21,1436,42,28995881,142687,2675
Texas,2021-05-22,982,39,28995881,143669,2714
Texas,2021-05-23,710,16,28995881,144379,2730
Texas,2021-05-24,2876,24,28995881,147255,2754
Texas,2021-05-25,2528,39,28995881,149783,2793
Texas,2021-05-26,2193,62,28995881,151976,2855
Texas,2021-05-27,1601,51,28995881,153577,2906
Texas,2021-05-28,1724,55,28995881,155301,2961
Texas,2021-05-29,550,35,28995881,155851,2996
Texas,2021-05-30,374,14,28995881,156225,3010
Texas,2021-05-31,174,3,28995881,156399,3013
Texas,2021-06-01,675,17,28995881,157074,3030
Texas,2021-06-02,2492,50,28995881,159566,3080
Texas,2021-06-03,2595,58,28995881,162161,3138
Texas,2021-06-04,2086,43,28995881,164247,3181
Texas,2021-06-05,1138,25,28995881,165385,3206
Texas,2021-06-06,539,18,28995881,165924,3224
Texas,2021-06-07,1175,17,28995881,167099,3241
Texas,2021-06-08,1929,41,28995881,169028,3282
Texas,2021-06-09,6938,37,28995881,175966,3319
Texas,2021-06-10,1910,32,28995881,177876,3351
Texas,2021-06-11,1297,43,28995881,179173,3394
Texas,2021-06-12,791,23,28995881,179964,3417
Texas,2021-06-13,399,17,28995881,180363,3434
Texas,2021-06-14,978,11,28995881,181341,3445
Texas,2021-06-15,1338,27,28995881,182679,3472
Texas,2021-06-16,2137,40,28995881,184816,3512
Texas,2021-06-17,793,33,28995881,185609,3545
Texas,2021-06-18,1017,43,28995881,186626,3588
Texas,2021-06-19,1752,15,28995881,188378,3603
Texas,2021-06-20,271,12,28995881,188649,3615
Texas,2021-06-21,755,8,28995881,189404,3623
Texas,2021-06-22,1974,32,28995881,191378,3655
Texas,2021-06-23,1216,33,28995881,192594,3688
Texas,2021-06-24,1585,34,28995881,194179,3722
Texas,2021-06-25,1623,29,28995881,195802,3751
Texas,2021-06-26,1401,19,28995881,197203,3770
Texas,2021-06-27,176,8,28995881,197379,3778
Texas,2021-06-28,834,6,28995881,198213,3784
Texas,2021-06-29,2095,29,28995881,200308,3813
Texas,2021-06-30,2751,29,28995881,203059,3842
Texas,2021-07-01,1613,73,28995881,204672,3915
Texas,2021-07-02,1596,43,28995881,206268,3958
Texas,2021-07-03,1187,20,28995881,207455,3978
Texas,2021-07-04,219,9,28995881,207674,3987
Texas,2021-07-05,537,0,28995881,208211,3987
Texas,2021-07-06,1320,24,28995881,209531,4011
Texas,2021-07-07,4388,25,28995881,213919,4036
Texas,2021-07-08,2287,36,28995881,216206,4072
Texas,2021-07-09,2304,39,28995881,218510,4111
Texas,2021-07-10,1371,18,28995881,219881,4129
Texas,2021-07-11,430,5,28995881,220311,4134
Texas,2021-07-12,3565,32,28995881,223876,4166
Texas,2021-07-13,3724,29,28995881,227600,4195
Texas,2021-07-14,5066,37,28995881,232666,4232
Texas,2021-07-15,3023,36,28995881,235689,4268
Texas,2021-07-16,4431,29,28995881,240120,4297
Texas,2021-07-17,2534,24,28995881,242654,4321
Texas,2021-07-18,1746,11,28995881,244400,4332
Texas,2021-07-19,2662,12,28995881,247062,4344
Texas,2021-07-20,5616,26,28995881,252678,4370
Texas,2021-07-21,8186,39,28995881,260864,4409
Texas,2021-07-22,6869,31,28995881,267733,4440
Texas,2021-07-23,6160,47,28995881,273893,4487
Texas,2021-07-24,5212,24,28995881,279105,4511
Texas,2021-07-25,1398,12,28995881,280503,4523
Texas,2021-07-26,5855,19,28995881,286358,4542
Texas,2021-07-27,12552,41,28995881,298910,4583
Texas,2021-07-28,9288,71,28995881,308198,4654
Texas,2021-07-29,14716,37,28995881,322914,4691
Texas,2021-07-30,13715,62,28995881,336629,4753
Texas,2021-07-31,5198,29,28995881,341827,4782
Texas,2021-08-01,3347,19,28995881,345174,4801
Texas,2021-08-02,9709,33,28995881,354883,4834
Texas,2021-08-03,21026,66,28995881,375909,4900
Texas,2021-08-04,13018,62,28995881,388927,4962
Texas,2021-08-05,15539,81,28995881,404466,5043
Texas,2021-08-06,23096,69,28995881,427562,5112
Texas,2021-08-07,11072,54,28995881,438634,5166
Texas,2021-08-08,2372,27,28995881,441006,5193
Texas,2021-08-09,12881,39,28995881,453887,5232
Texas,2021-08-10,21565,104,28995881,475452,5336
Texas,2021-08-11,21407,108,28995881,496859,5444
Texas,2021-08-12,12398,118,28995881,509257,5562
Texas,2021-08-13,17577,145,28995881,526834,5707
Texas,2021-08-14,10183,87,28995881,537017,5794
Texas,2021-08-15,5473,41,28995881,542490,5835
Texas,2021-08-16,16760,49,28995881,559250,5884
Texas,2021-08-17,28206,99,28995881,587456,5983
Texas,2021-08-18,17559,177,28995881,605015,6160
Texas,2021-08-19,17073,208,28995881,622088,6368
Texas,2021-08-20,22928,192,28995881,645016,6560
Texas,2021-08-21,17034,171,28995881,662050,6731
Texas,2021-08-22,3274,57,28995881,665324,6788
Texas,2021-08-23,14060,63,28995881,679384,6851
Texas,2021-08-24,23088,203,28995881,702472,7054
Texas,2021-08-25,21336,249,28995881,723808,7303
Texas,2021-08-26,14044,257,28995881,737852,7560
Texas,2021-08-27,22475,290,28995881,760327,7850
Texas,2021-08-28,9212,232,28995881,769539,8082
Texas,2021-08-29,3586,108,28995881,773125,8190
Texas,2021-08-30,22369,123,28995881,795494,8313
Texas,2021-08-31,19742,236,28995881,815236,8549
Texas,2021-09-01,27413,337,28995881,842649,8886
Texas,2021-09-02,21582,323,28995881,864231,9209
Texas,2021-09-03,25261,291,28995881,889492,9500
Texas,2021-09-04,14522,277,28995881,904014,9777
Utah,2021-04-02,422,6,3205958,422,6
Utah,2021-04-03,447,1,3205958,869,7
Utah,2021-04-04,344,0,3205958,1213,7
Utah,2021-04-05,173,1,3205958,1386,8
Utah,2021-04-06,300,4,3205958,1686,12
Utah,2021-04-07,612,2,3205958,2298,14
Utah,2021-04-08,483,10,3205958,2781,24
Utah,2021-04-09,444,8,3205958,3225,32
Utah,2021-04-10,407,2,3205958,3632,34
Utah,2021-04-11,344,0,3205958,3976,34
Utah,2021-04-12,185,0,3205958,4161,34
Utah,2021-04-13,358,2,3205958,4519,36
Utah,2021-04-14,530,0,3205958,5049,36
Utah,2021-04-15,456,1,3205958,5505,37
Utah,2021-04-16,463,2,3205958,5968,39
Utah,2021-04-17,413,0,3205958,6381,39
Utah,2021-04-18,248,0,3205958,6629,39
Utah,2021-04-19,200,2,3205958,6829,41
Utah,2021-04-20,315,8,3205958,7144,49
Utah,2021-04-21,590,3,3205958,7734,52
Utah,2021-04-22,472,1,3205958,8206,53
Utah,2021-04-23,344,1,3205958,8550,54
Utah,2021-04-24,472,1,3205958,9022,55
Utah,2021-04-25,281,2,3205958,9303,57
Utah,2021-04-26,246,1,3205958,9549,58
Utah,2021-04-27,327,3,3205958,9876,61
Utah,2021-04-28,518,4,3205958,10394,65
Utah,2021-04-29,463,7,3205958,10857,72
Utah,2021-04-30,338,5,3205958,11195,77
Utah,2021-05-01,410,1,3205958,11605,78
Utah,2021-05-02,279,1,3205958,11884,79
Utah,2021-05-03,228,0,3205958,12112,79
Utah,2021-05-04,259,13,3205958,12371,92
Utah,2021-05-05,480,2,3205958,12851,94
Utah,2021-05-06,395,0,3205958,13246,94
Utah,2021-05-07,386,4,3205958,13632,98
Utah,2021-05-08,360,0,3205958,13992,98
Utah,2021-05-09,232,1,3205958,14224,99
Utah,2021-05-10,207,1,3205958,14431,100
Utah,2021-05-11,224,11,3205958,14655,111
Utah,2021-05-12,468,13,3205958,15123,124
Utah,2021-05-13,418,6,3205958,15541,130
Utah,2021-05-14,336,1,3205958,15877,131
Utah,2021-05-15,320,2,3205958,16197,133
Utah,2021-05-16,242,0,3205958,16439,133
Utah,2021-05-17,164,1,3205958,16603,134
Utah,2021-05-18,257,12,3205958,16860,146
Utah,2021-05-19,430,4,3205958,17290,150
Utah,2021-05-20,266,4,3205958,17556,154
Utah,2021-05-21,300,10,3205958,17856,164
Utah,2021-05-22,262,1,3205958,18118,165
Utah,2021-05-23,231,0,3205958,18349,165
Utah,2021-05-24,148,2,3205958,18497,167
Utah,2021-05-25,185,0,3205958,18682,167
Utah,2021-05-26,268,0,3205958,18950,167
Utah,2021-05-27,309,2,3205958,19259,169
Utah,2021-05-28,272,3,3205958,19531,172
Utah,2021-05-29,192,4,3205958,19723,176
Utah,2021-05-30,176,0,3205958,19899,176
Utah,2021-05-31,143,1,3205958,20042,177
Utah,2021-06-01,112,0,3205958,20154,177
Utah,2021-06-02,200,3,3205958,20354,180
Utah,2021-06-03,343,3,3205958,20697,183
Utah,2021-06-04,288,3,3205958,20985,186
Utah,2021-06-05,306,0,3205958,21291,186
Utah,2021-06-06,223,0,3205958,21514,186
Utah,2021-06-07,174,2,3205958,21688,188
Utah,2021-06-08,252,3,3205958,21940,191
Utah,2021-06-09,360,2,3205958,22300,193
Utah,2021-06-10,313,1,3205958,22613,194
Utah,2021-06-11,266,0,3205958,22879,194
Utah,2021-06-12,357,4,3205958,23236,198
Utah,2021-06-13,194,0,3205958,23430,198
Utah,2021-06-14,169,0,3205958,23599,198
Utah,2021-06-15,237,0,3205958,23836,198
Utah,2021-06-16,413,1,3205958,24249,199
Utah,2021-06-17,369,0,3205958,24618,199
Utah,2021-06-18,325,2,3205958,24943,201
Utah,2021-06-19,290,2,3205958,25233,203
Utah,2021-06-20,249,2,3205958,25482,205
Utah,2021-06-21,160,0,3205958,25642,205
Utah,2021-06-22,249,3,3205958,25891,208
Utah,2021-06-23,527,3,3205958,26418,211
Utah,2021-06-24,462,1,3205958,26880,212
Utah,2021-06-25,309,14,3205958,27189,226
Utah,2021-06-26,351,4,3205958,27540,230
Utah,2021-06-27,282,8,3205958,27822,238
Utah,2021-06-28,254,2,3205958,28076,240
Utah,2021-06-29,361,3,3205958,28437,243
Utah,2021-06-30,574,3,3205958,29011,246
Utah,2021-07-01,540,4,3205958,29551,250
Utah,2021-07-02,431,3,3205958,29982,253
Utah,2021-07-03,0,0,3205958,29982,253
Utah,2021-07-04,0,0,3205958,29982,253
Utah,2021-07-05,0,0,3205958,29982,253
Utah,2021-07-06,1149,7,3205958,31131,260
Utah,2021-07-07,394,2,3205958,31525,262
Utah,2021-07-08,668,2,3205958,32193,264
Utah,2021-07-09,655,4,3205958,32848,268
Utah,2021-07-10,0,0,3205958,32848,268
Utah,2021-07-11,0,0,3205958,32848,268
Utah,2021-07-12,1238,6,3205958,34086,274
Utah,2021-07-13,471,3,3205958,34557,277
Utah,2021-07-14,572,4,3205958,35129,281
Utah,2021-07-15,693,4,3205958,35822,285
Utah,2021-07-16,669,3,3205958,36491,288
Utah,2021-07-17,0,0,3205958,36491,288
Utah,2021-07-18,0,0,3205958,36491,288
Utah,2021-07-19,1552,3,3205958,38043,291
Utah,2021-07-20,559,4,3205958,38602,295
Utah,2021-07-21,873,4,3205958,39475,299
Utah,2021-07-22,815,1,3205958,40290,300
Utah,2021-07-23,0,0,3205958,40290,300
Utah,2021-07-24,0,0,3205958,40290,300
Utah,2021-07-25,0,0,3205958,40290,300
Utah,2021-07-26,2269,9,3205958,42559,309
Utah,2021-07-27,613,7,3205958,43172,316
Utah,2021-07-28,843,6,3205958,44015,322
Utah,2021-07-29,1113,3,3205958,45128,325
Utah,2021-07-30,1211,1,3205958,46339,326
Utah,2021-07-31,0,0,3205958,46339,326
Utah,2021-08-01,0,0,3205958,46339,326
Utah,2021-08-02,2244,15,3205958,48583,341
Utah,2021-08-03,728,5,3205958,49311,346
Utah,2021-08-04,1050,8,3205958,50361,354
Utah,2021-08-05,1096,7,3205958,51457,361
Utah,2021-08-06,894,8,3205958,52351,369
Utah,2021-08-07,0,0,3205958,52351,369
Utah,2021-08-08,0,0,3205958,52351,369
Utah,2021-08-09,2018,9,3205958,54369,378
Utah,2021-08-10,634,8,3205958,55003,386
Utah,2021-08-11,1114,7,3205958,56117,393
Utah,2021-08-12,1243,3,3205958,57360,396
Utah,2021-08-13,897,4,3205958,58257,400
Utah,2021-08-14,0,0,3205958,58257,400
Utah,2021-08-15,0,0,3205958,58257,400
Utah,2021-08-16,2423,12,3205958,60680,412
Utah,2021-08-17,963,0,3205958,61643,412
Utah,2021-08-18,1488,12,3205958,63131,424
Utah,2021-08-19,1280,14,3205958,64411,438
Utah,2021-08-20,1116,9,3205958,65527,447
Utah,2021-08-21,0,0,3205958,65527,447
Utah,2021-08-22,0,0,3205958,65527,447
Utah,2021-08-23,2718,12,3205958,68245,459
Utah,2021-08-24,1140,9,3205958,69385,468
Utah,2021-08-25,1585,12,3205958,70970,480
Utah,2021-08-26,1491,10,3205958,72461,490
Utah,2021-08-27,1286,8,3205958,73747,498
Utah,2021-08-28,0,0,3205958,73747,498
Utah,2021-08-29,0,0,3205958,73747,498
Utah,2021-08-30,3329,5,3205958,77076,503
Utah,2021-08-31,1218,6,3205958,78294,509
Utah,2021-09-01,1685,6,3205958,79979,515
Utah,2021-09-02,1687,12,3205958,81666,527
Utah,2021-09-03,1635,6,3205958,83301,533
Utah,2021-09-04,0,0,3205958,83301,533
Vermont,2021-04-02,232,1,623989,232,1
Vermont,2021-04-03,150,1,623989,382,2
Vermont,2021-04-04,244,0,623989,626,2
Vermont,2021-04-05,118,0,623989,744,2
Vermont,2021-04-06,106,0,623989,850,2
Vermont,2021-04-07,69,1,623989,919,3
Vermont,2021-04-08,227,0,623989,1146,3
Vermont,2021-04-09,146,1,623989,1292,4
Vermont,2021-04-10,150,0,623989,1442,4
Vermont,2021-04-11,237,0,623989,1679,4
Vermont,2021-04-12,89,2,623989,1768,6
Vermont,2021-04-13,97,0,623989,1865,6
Vermont,2021-04-14,100,4,623989,1965,10
Vermont,2021-04-15,176,3,623989,2141,13
Vermont,2021-04-16,139,2,623989,2280,15
Vermont,2021-04-17,66,0,623989,2346,15
Vermont,2021-04-18,147,0,623989,2493,15
Vermont,2021-04-19,96,0,623989,2589,15
Vermont,2021-04-20,0,0,623989,2589,15
Vermont,2021-04-21,126,1,623989,2715,16
Vermont,2021-04-22,87,0,623989,2802,16
Vermont,2021-04-23,91,0,623989,2893,16
Vermont,2021-04-24,63,1,623989,2956,17
Vermont,2021-04-25,97,0,623989,3053,17
Vermont,2021-04-26,41,0,623989,3094,17
Vermont,2021-04-27,58,1,623989,3152,18
Vermont,2021-04-28,48,1,623989,3200,19
Vermont,2021-04-29,101,0,623989,3301,19
Vermont,2021-04-30,128,0,623989,3429,19
Vermont,2021-05-01,80,1,623989,3509,20
Vermont,2021-05-02,94,0,623989,3603,20
Vermont,2021-05-03,32,1,623989,3635,21
Vermont,2021-05-04,33,0,623989,3668,21
Vermont,2021-05-05,56,0,623989,3724,21
Vermont,2021-05-06,49,1,623989,3773,22
Vermont,2021-05-07,97,0,623989,3870,22
Vermont,2021-05-08,52,0,623989,3922,22
Vermont,2021-05-09,41,0,623989,3963,22
Vermont,2021-05-10,55,0,623989,4018,22
Vermont,2021-05-11,65,2,623989,4083,24
Vermont,2021-05-12,45,1,623989,4128,25
Vermont,2021-05-13,73,0,623989,4201,25
Vermont,2021-05-14,68,0,623989,4269,25
Vermont,2021-05-15,55,0,623989,4324,25
Vermont,2021-05-16,36,0,623989,4360,25
Vermont,2021-05-17,29,0,623989,4389,25
Vermont,2021-05-18,33,2,623989,4422,27
Vermont,2021-05-19,43,1,623989,4465,28
Vermont,2021-05-20,38,0,623989,4503,28
Vermont,2021-05-21,39,0,623989,4542,28
Vermont,2021-05-22,19,0,623989,4561,28
Vermont,2021-05-23,22,0,623989,4583,28
Vermont,2021-05-24,21,0,623989,4604,28
Vermont,2021-05-25,9,0,623989,4613,28
Vermont,2021-05-26,26,0,623989,4639,28
Vermont,2021-05-27,20,0,623989,4659,28
Vermont,2021-05-28,8,0,623989,4667,28
Vermont,2021-05-29,10,0,623989,4677,28
Vermont,2021-05-30,9,0,623989,4686,28
Vermont,2021-05-31,11,0,623989,4697,28
Vermont,2021-06-01,4,0,623989,4701,28
Vermont,2021-06-02,8,0,623989,4709,28
Vermont,2021-06-03,8,0,623989,4717,28
Vermont,2021-06-04,12,1,623989,4729,29
Vermont,2021-06-05,0,0,623989,4729,29
Vermont,2021-06-06,0,0,623989,4729,29
Vermont,2021-06-07,30,0,623989,4759,29
Vermont,2021-06-08,13,0,623989,4772,29
Vermont,2021-06-09,5,0,623989,4777,29
Vermont,2021-06-10,14,0,623989,4791,29
Vermont,2021-06-11,6,0,623989,4797,29
Vermont,2021-06-12,0,0,623989,4797,29
Vermont,2021-06-13,0,0,623989,4797,29
Vermont,2021-06-14,11,0,623989,4808,29
Vermont,2021-06-15,8,0,623989,4816,29
Vermont,2021-06-16,9,0,623989,4825,29
Vermont,2021-06-17,9,0,623989,4834,29
Vermont,2021-06-18,3,0,623989,4837,29
Vermont,2021-06-19,0,0,623989,4837,29
Vermont,2021-06-20,0,0,623989,4837,29
Vermont,2021-06-21,8,0,623989,4845,29
Vermont,2021-06-22,3,0,623989,4848,29
Vermont,2021-06-23,8,0,623989,4856,29
Vermont,2021-06-24,6,0,623989,4862,29
Vermont,2021-06-25,7,0,623989,4869,29
Vermont,2021-06-26,0,0,623989,4869,29
Vermont,2021-06-27,0,0,623989,4869,29
Vermont,2021-06-28,10,0,623989,4879,29
Vermont,2021-06-29,4,0,623989,4883,29
Vermont,2021-06-30,4,0,623989,4887,29
Vermont,2021-07-01,2,1,623989,4889,30
Vermont,2021-07-02,7,1,623989,4896,31
Vermont,2021-07-03,0,0,623989,4896,31
Vermont,2021-07-04,0,0,623989,4896,31
Vermont,2021-07-05,0,0,623989,4896,31
Vermont,2021-07-06,14,0,623989,4910,31
Vermont,2021-07-07,7,0,623989,4917,31
Vermont,2021-07-08,5,0,623989,4922,31
Vermont,2021-07-09,12,0,623989,4934,31
Vermont,2021-07-10,0,0,623989,4934,31
Vermont,2021-07-11,0,0,623989,4934,31
Vermont,2021-07-12,32,0,623989,4966,31
Vermont,2021-07-13,8,0,623989,4974,31
Vermont,2021-07-14,19,0,623989,4993,31
Vermont,2021-07-15,13,0,623989,5006,31
Vermont,2021-07-16,21,0,623989,5027,31
Vermont,2021-07-17,0,0,623989,5027,31
Vermont,2021-07-18,0,0,623989,5027,31
Vermont,2021-07-19,29,1,623989,5056,32
Vermont,2021-07-20,11,0,623989,5067,32
Vermont,2021-07-21,19,0,623989,5086,32
Vermont,2021-07-22,38,0,623989,5124,32
Vermont,2021-07-23,29,0,623989,5153,32
Vermont,2021-07-24,0,0,623989,5153,32
Vermont,2021-07-25,0,0,623989,5153,32
Vermont,2021-07-26,72,0,623989,5225,32
Vermont,2021-07-27,12,0,623989,5237,32
Vermont,2021-07-28,44,0,623989,5281,32
Vermont,2021-07-29,26,0,623989,5307,32
Vermont,2021-07-30,59,1,623989,5366,33
Vermont,2021-07-31,0,0,623989,5366,33
Vermont,2021-08-01,0,0,623989,5366,33
Vermont,2021-08-02,149,0,623989,5515,33
Vermont,2021-08-03,39,0,623989,5554,33
Vermont,2021-08-04,52,0,623989,5606,33
Vermont,2021-08-05,90,0,623989,5696,33
Vermont,2021-08-06,101,0,623989,5797,33
Vermont,2021-08-07,0,0,623989,5797,33
Vermont,2021-08-08,0,0,623989,5797,33
Vermont,2021-08-09,251,2,623989,6048,35
Vermont,2021-08-10,92,1,623989,6140,36
Vermont,2021-08-11,94,0,623989,6234,36
Vermont,2021-08-12,126,1,623989,6360,37
Vermont,2021-08-13,157,0,623989,6517,37
Vermont,2021-08-14,0,0,623989,6517,37
Vermont,2021-08-15,0,0,623989,6517,37
Vermont,2021-08-16,0,0,623989,6517,37
Vermont,2021-08-17,357,0,623989,6874,37
Vermont,2021-08-18,97,3,623989,6971,40
Vermont,2021-08-19,169,1,623989,7140,41
Vermont,2021-08-20,115,2,623989,7255,43
Vermont,2021-08-21,146,0,623989,7401,43
Vermont,2021-08-22,126,0,623989,7527,43
Vermont,2021-08-23,82,0,623989,7609,43
Vermont,2021-08-24,105,0,623989,7714,43
Vermont,2021-08-25,118,1,623989,7832,44
Vermont,2021-08-26,149,2,623989,7981,46
Vermont,2021-08-27,144,2,623989,8125,48
Vermont,2021-08-28,187,0,623989,8312,48
Vermont,2021-08-29,137,0,623989,8449,48
Vermont,2021-08-30,72,0,623989,8521,48
Vermont,2021-08-31,156,1,623989,8677,49
Vermont,2021-09-01,199,1,623989,8876,50
Vermont,2021-09-02,143,2,623989,9019,52
Vermont,2021-09-03,161,1,623989,9180,53
Vermont,2021-09-04,181,1,623989,9361,54
Virginia,2021-04-02,1538,11,8535519,1538,11
Virginia,2021-04-03,1542,8,8535519,3080,19
Virginia,2021-04-04,1267,42,8535519,4347,61
Virginia,2021-04-05,1023,31,8535519,5370,92
Virginia,2021-04-06,1434,41,8535519,6804,133
Virginia,2021-04-07,1550,14,8535519,8354,147
Virginia,2021-04-08,1928,21,8535519,10282,168
Virginia,2021-04-09,1542,15,8535519,11824,183
Virginia,2021-04-10,1700,7,8535519,13524,190
Virginia,2021-04-11,1227,14,8535519,14751,204
Virginia,2021-04-12,1310,14,8535519,16061,218
Virginia,2021-04-13,2048,20,8535519,18109,238
Virginia,2021-04-14,1301,4,8535519,19410,242
Virginia,2021-04-15,1415,19,8535519,20825,261
Virginia,2021-04-16,1594,20,8535519,22419,281
Virginia,2021-04-17,1608,15,8535519,24027,296
Virginia,2021-04-18,1305,17,8535519,25332,313
Virginia,2021-04-19,978,14,8535519,26310,327
Virginia,2021-04-20,1236,30,8535519,27546,357
Virginia,2021-04-21,1261,15,8535519,28807,372
Virginia,2021-04-22,1373,13,8535519,30180,385
Virginia,2021-04-23,1340,13,8535519,31520,398
Virginia,2021-04-24,1005,9,8535519,32525,407
Virginia,2021-04-25,884,16,8535519,33409,423
Virginia,2021-04-26,719,15,8535519,34128,438
Virginia,2021-04-27,1091,16,8535519,35219,454
Virginia,2021-04-28,1134,13,8535519,36353,467
Virginia,2021-04-29,1187,16,8535519,37540,483
Virginia,2021-04-30,1249,19,8535519,38789,502
Virginia,2021-05-01,963,7,8535519,39752,509
Virginia,2021-05-02,761,14,8535519,40513,523
Virginia,2021-05-03,611,16,8535519,41124,539
Virginia,2021-05-04,771,16,8535519,41895,555
Virginia,2021-05-05,842,21,8535519,42737,576
Virginia,2021-05-06,856,17,8535519,43593,593
Virginia,2021-05-07,938,13,8535519,44531,606
Virginia,2021-05-08,779,11,8535519,45310,617
Virginia,2021-05-09,539,10,8535519,45849,627
Virginia,2021-05-10,336,7,8535519,46185,634
Virginia,2021-05-11,600,17,8535519,46785,651
Virginia,2021-05-12,561,15,8535519,47346,666
Virginia,2021-05-13,579,27,8535519,47925,693
Virginia,2021-05-14,493,30,8535519,48418,723
Virginia,2021-05-15,685,17,8535519,49103,740
Virginia,2021-05-16,280,10,8535519,49383,750
Virginia,2021-05-17,272,11,8535519,49655,761
Virginia,2021-05-18,378,13,8535519,50033,774
Virginia,2021-05-19,491,6,8535519,50524,780
Virginia,2021-05-20,591,20,8535519,51115,800
Virginia,2021-05-21,396,6,8535519,51511,806
Virginia,2021-05-22,481,23,8535519,51992,829
Virginia,2021-05-23,236,9,8535519,52228,838
Virginia,2021-05-24,76,10,8535519,52304,848
Virginia,2021-05-25,654,21,8535519,52958,869
Virginia,2021-05-26,323,6,8535519,53281,875
Virginia,2021-05-27,357,9,8535519,53638,884
Virginia,2021-05-28,404,4,8535519,54042,888
Virginia,2021-05-29,322,4,8535519,54364,892
Virginia,2021-05-30,227,13,8535519,54591,905
Virginia,2021-05-31,146,13,8535519,54737,918
Virginia,2021-06-01,59,8,8535519,54796,926
Virginia,2021-06-02,186,12,8535519,54982,938
Virginia,2021-06-03,258,10,8535519,55240,948
Virginia,2021-06-04,259,6,8535519,55499,954
Virginia,2021-06-05,286,7,8535519,55785,961
Virginia,2021-06-06,155,7,8535519,55940,968
Virginia,2021-06-07,90,9,8535519,56030,977
Virginia,2021-06-08,182,8,8535519,56212,985
Virginia,2021-06-09,197,7,8535519,56409,992
Virginia,2021-06-10,215,10,8535519,56624,1002
Virginia,2021-06-11,105,13,8535519,56729,1015
Virginia,2021-06-12,141,10,8535519,56870,1025
Virginia,2021-06-13,73,14,8535519,56943,1039
Virginia,2021-06-14,68,11,8535519,57011,1050
Virginia,2021-06-15,137,10,8535519,57148,1060
Virginia,2021-06-16,277,2,8535519,57425,1062
Virginia,2021-06-17,166,6,8535519,57591,1068
Virginia,2021-06-18,114,6,8535519,57705,1074
Virginia,2021-06-19,89,1,8535519,57794,1075
Virginia,2021-06-20,54,8,8535519,57848,1083
Virginia,2021-06-21,116,9,8535519,57964,1092
Virginia,2021-06-22,144,7,8535519,58108,1099
Virginia,2021-06-23,228,1,8535519,58336,1100
Virginia,2021-06-24,254,13,8535519,58590,1113
Virginia,2021-06-25,371,15,8535519,58961,1128
Virginia,2021-06-26,298,6,8535519,59259,1134
Virginia,2021-06-27,-232,-6,8535519,59027,1128
Virginia,2021-06-28,89,6,8535519,59116,1134
Virginia,2021-06-29,148,10,8535519,59264,1144
Virginia,2021-06-30,275,3,8535519,59539,1147
Virginia,2021-07-01,224,4,8535519,59763,1151
Virginia,2021-07-02,180,4,8535519,59943,1155
Virginia,2021-07-03,160,0,8535519,60103,1155
Virginia,2021-07-04,168,4,8535519,60271,1159
Virginia,2021-07-05,122,4,8535519,60393,1163
Virginia,2021-07-06,132,3,8535519,60525,1166
Virginia,2021-07-07,273,2,8535519,60798,1168
Virginia,2021-07-08,291,5,8535519,61089,1173
Virginia,2021-07-09,257,7,8535519,61346,1180
Virginia,2021-07-10,286,2,8535519,61632,1182
Virginia,2021-07-11,240,0,8535519,61872,1182
Virginia,2021-07-12,183,0,8535519,62055,1182
Virginia,2021-07-13,346,9,8535519,62401,1191
Virginia,2021-07-14,412,8,8535519,62813,1199
Virginia,2021-07-15,440,4,8535519,63253,1203
Virginia,2021-07-16,445,6,8535519,63698,1209
Virginia,2021-07-17,0,0,8535519,63698,1209
Virginia,2021-07-18,0,0,8535519,63698,1209
Virginia,2021-07-19,986,6,8535519,64684,1215
Virginia,2021-07-20,721,4,8535519,65405,1219
Virginia,2021-07-21,678,4,8535519,66083,1223
Virginia,2021-07-22,666,2,8535519,66749,1225
Virginia,2021-07-23,750,7,8535519,67499,1232
Virginia,2021-07-24,0,0,8535519,67499,1232
Virginia,2021-07-25,0,0,8535519,67499,1232
Virginia,2021-07-26,1883,6,8535519,69382,1238
Virginia,2021-07-27,835,9,8535519,70217,1247
Virginia,2021-07-28,1087,7,8535519,71304,1254
Virginia,2021-07-29,1101,3,8535519,72405,1257
Virginia,2021-07-30,1178,7,8535519,73583,1264
Virginia,2021-07-31,0,0,8535519,73583,1264
Virginia,2021-08-01,0,0,8535519,73583,1264
Virginia,2021-08-02,3555,2,8535519,77138,1266
Virginia,2021-08-03,1403,2,8535519,78541,1268
Virginia,2021-08-04,1717,5,8535519,80258,1273
Virginia,2021-08-05,1760,5,8535519,82018,1278
Virginia,2021-08-06,1845,12,8535519,83863,1290
Virginia,2021-08-07,0,0,8535519,83863,1290
Virginia,2021-08-08,0,0,8535519,83863,1290
Virginia,2021-08-09,4655,13,8535519,88518,1303
Virginia,2021-08-10,1759,7,8535519,90277,1310
Virginia,2021-08-11,2117,3,8535519,92394,1313
Virginia,2021-08-12,2361,2,8535519,94755,1315
Virginia,2021-08-13,2270,16,8535519,97025,1331
Virginia,2021-08-14,0,0,8535519,97025,1331
Virginia,2021-08-15,0,0,8535519,97025,1331
Virginia,2021-08-16,5901,19,8535519,102926,1350
Virginia,2021-08-17,2244,7,8535519,105170,1357
Virginia,2021-08-18,2552,7,8535519,107722,1364
Virginia,2021-08-19,2764,6,8535519,110486,1370
Virginia,2021-08-20,2792,9,8535519,113278,1379
Virginia,2021-08-21,0,0,8535519,113278,1379
Virginia,2021-08-22,0,0,8535519,113278,1379
Virginia,2021-08-23,7081,28,8535519,120359,1407
Virginia,2021-08-24,3027,18,8535519,123386,1425
Virginia,2021-08-25,3454,22,8535519,126840,1447
Virginia,2021-08-26,3491,14,8535519,130331,1461
Virginia,2021-08-27,3520,40,8535519,133851,1501
Virginia,2021-08-28,0,0,8535519,133851,1501
Virginia,2021-08-29,0,0,8535519,133851,1501
Virginia,2021-08-30,8296,41,8535519,142147,1542
Virginia,2021-08-31,3487,32,8535519,145634,1574
Virginia,2021-09-01,3407,19,8535519,149041,1593
Virginia,2021-09-02,4255,18,8535519,153296,1611
Virginia,2021-09-03,4070,20,8535519,157366,1631
Virginia,2021-09-04,0,0,8535519,157366,1631
Washington,2021-04-02,1353,16,7614893,1353,16
Washington,2021-04-03,1288,0,7614893,2641,16
Washington,2021-04-04,0,0,7614893,2641,16
Washington,2021-04-05,1614,7,7614893,4255,23
Washington,2021-04-06,635,14,7614893,4890,37
Washington,2021-04-07,1518,7,7614893,6408,44
Washington,2021-04-08,1042,10,7614893,7450,54
Washington,2021-04-09,1582,6,7614893,9032,60
Washington,2021-04-10,1436,0,7614893,10468,60
Washington,2021-04-11,0,0,7614893,10468,60
Washington,2021-04-12,1722,7,7614893,12190,67
Washington,2021-04-13,1104,11,7614893,13294,78
Washington,2021-04-14,1283,17,7614893,14577,95
Washington,2021-04-15,1386,5,7614893,15963,100
Washington,2021-04-16,2169,18,7614893,18132,118
Washington,2021-04-17,1655,0,7614893,19787,118
Washington,2021-04-18,0,0,7614893,19787,118
Washington,2021-04-19,1371,14,7614893,21158,132
Washington,2021-04-20,1798,13,7614893,22956,145
Washington,2021-04-21,1496,15,7614893,24452,160
Washington,2021-04-22,1625,6,7614893,26077,166
Washington,2021-04-23,1755,6,7614893,27832,172
Washington,2021-04-24,1718,0,7614893,29550,172
Washington,2021-04-25,0,0,7614893,29550,172
Washington,2021-04-26,2105,16,7614893,31655,188
Washington,2021-04-27,1092,12,7614893,32747,200
Washington,2021-04-28,1640,12,7614893,34387,212
Washington,2021-04-29,1569,13,7614893,35956,225
Washington,2021-04-30,1322,12,7614893,37278,237
Washington,2021-05-01,1669,0,7614893,38947,237
Washington,2021-05-02,0,0,7614893,38947,237
Washington,2021-05-03,2482,8,7614893,41429,245
Washington,2021-05-04,1416,21,7614893,42845,266
Washington,2021-05-05,1326,11,7614893,44171,277
Washington,2021-05-06,1142,14,7614893,45313,291
Washington,2021-05-07,1408,11,7614893,46721,302
Washington,2021-05-08,1497,0,7614893,48218,302
Washington,2021-05-09,0,0,7614893,48218,302
Washington,2021-05-10,1725,22,7614893,49943,324
Washington,2021-05-11,1225,7,7614893,51168,331
Washington,2021-05-12,1090,21,7614893,52258,352
Washington,2021-05-13,1362,12,7614893,53620,364
Washington,2021-05-14,2375,-4,7614893,55995,360
Washington,2021-05-15,908,0,7614893,56903,360
Washington,2021-05-16,0,0,7614893,56903,360
Washington,2021-05-17,717,18,7614893,57620,378
Washington,2021-05-18,668,13,7614893,58288,391
Washington,2021-05-19,853,20,7614893,59141,411
Washington,2021-05-20,945,17,7614893,60086,428
Washington,2021-05-21,1646,12,7614893,61732,440
Washington,2021-05-22,0,0,7614893,61732,440
Washington,2021-05-23,0,0,7614893,61732,440
Washington,2021-05-24,2005,7,7614893,63737,447
Washington,2021-05-25,916,13,7614893,64653,460
Washington,2021-05-26,1755,19,7614893,66408,479
Washington,2021-05-27,1531,13,7614893,67939,492
Washington,2021-05-28,1082,11,7614893,69021,503
Washington,2021-05-29,1066,0,7614893,70087,503
Washington,2021-05-30,0,0,7614893,70087,503
Washington,2021-05-31,0,0,7614893,70087,503
Washington,2021-06-01,1135,24,7614893,71222,527
Washington,2021-06-02,693,12,7614893,71915,539
Washington,2021-06-03,867,20,7614893,72782,559
Washington,2021-06-04,719,15,7614893,73501,574
Washington,2021-06-05,794,0,7614893,74295,574
Washington,2021-06-06,0,0,7614893,74295,574
Washington,2021-06-07,832,20,7614893,75127,594
Washington,2021-06-08,702,-71,7614893,75829,523
Washington,2021-06-09,507,8,7614893,76336,531
Washington,2021-06-10,717,10,7614893,77053,541
Washington,2021-06-11,639,12,7614893,77692,553
Washington,2021-06-12,712,0,7614893,78404,553
Washington,2021-06-13,0,0,7614893,78404,553
Washington,2021-06-14,556,-33,7614893,78960,520
Washington,2021-06-15,433,18,7614893,79393,538
Washington,2021-06-16,531,1,7614893,79924,539
Washington,2021-06-17,438,9,7614893,80362,548
Washington,2021-06-18,558,10,7614893,80920,558
Washington,2021-06-19,521,0,7614893,81441,558
Washington,2021-06-20,0,0,7614893,81441,558
Washington,2021-06-21,521,18,7614893,81962,576
Washington,2021-06-22,418,5,7614893,82380,581
Washington,2021-06-23,803,46,7614893,83183,627
Washington,2021-06-24,546,9,7614893,83729,636
Washington,2021-06-25,492,4,7614893,84221,640
Washington,2021-06-26,421,0,7614893,84642,640
Washington,2021-06-27,0,0,7614893,84642,640
Washington,2021-06-28,526,9,7614893,85168,649
Washington,2021-06-29,318,9,7614893,85486,658
Washington,2021-06-30,347,10,7614893,85833,668
Washington,2021-07-01,477,8,7614893,86310,676
Washington,2021-07-02,411,1,7614893,86721,677
Washington,2021-07-03,0,0,7614893,86721,677
Washington,2021-07-04,0,0,7614893,86721,677
Washington,2021-07-05,0,0,7614893,86721,677
Washington,2021-07-06,1182,21,7614893,87903,698
Washington,2021-07-07,403,13,7614893,88306,711
Washington,2021-07-08,582,13,7614893,88888,724
Washington,2021-07-09,453,11,7614893,89341,735
Washington,2021-07-10,0,0,7614893,89341,735
Washington,2021-07-11,0,0,7614893,89341,735
Washington,2021-07-12,1606,3,7614893,90947,738
Washington,2021-07-13,1105,22,7614893,92052,760
Washington,2021-07-14,703,5,7614893,92755,765
Washington,2021-07-15,789,9,7614893,93544,774
Washington,2021-07-16,761,6,7614893,94305,780
Washington,2021-07-17,0,0,7614893,94305,780
Washington,2021-07-18,0,0,7614893,94305,780
Washington,2021-07-19,1780,1,7614893,96085,781
Washington,2021-07-20,730,13,7614893,96815,794
Washington,2021-07-21,960,7,7614893,97775,801
Washington,2021-07-22,2562,3,7614893,100337,804
Washington,2021-07-23,0,0,7614893,100337,804
Washington,2021-07-24,136,12,7614893,100473,816
Washington,2021-07-25,0,0,7614893,100473,816
Washington,2021-07-26,3073,11,7614893,103546,827
Washington,2021-07-27,1025,8,7614893,104571,835
Washington,2021-07-28,1156,3,7614893,105727,838
Washington,2021-07-29,873,19,7614893,106600,857
Washington,2021-07-30,714,3,7614893,107314,860
Washington,2021-07-31,0,0,7614893,107314,860
Washington,2021-08-01,0,0,7614893,107314,860
Washington,2021-08-02,2805,5,7614893,110119,865
Washington,2021-08-03,5476,9,7614893,115595,874
Washington,2021-08-04,2032,9,7614893,117627,883
Washington,2021-08-05,2914,10,7614893,120541,893
Washington,2021-08-06,2337,13,7614893,122878,906
Washington,2021-08-07,0,0,7614893,122878,906
Washington,2021-08-08,0,0,7614893,122878,906
Washington,2021-08-09,6698,9,7614893,129576,915
Washington,2021-08-10,19,10,7614893,129595,925
Washington,2021-08-11,5077,17,7614893,134672,942
Washington,2021-08-12,3698,11,7614893,138370,953
Washington,2021-08-13,3162,24,7614893,141532,977
Washington,2021-08-14,0,0,7614893,141532,977
Washington,2021-08-15,0,0,7614893,141532,977
Washington,2021-08-16,7590,9,7614893,149122,986
Washington,2021-08-17,2330,21,7614893,151452,1007
Washington,2021-08-18,3519,28,7614893,154971,1035
Washington,2021-08-19,3937,33,7614893,158908,1068
Washington,2021-08-20,3783,26,7614893,162691,1094
Washington,2021-08-21,0,0,7614893,162691,1094
Washington,2021-08-22,0,0,7614893,162691,1094
Washington,2021-08-23,8361,27,7614893,171052,1121
Washington,2021-08-24,3073,34,7614893,174125,1155
Washington,2021-08-25,2991,31,7614893,177116,1186
Washington,2021-08-26,3843,23,7614893,180959,1209
Washington,2021-08-27,4267,36,7614893,185226,1245
Washington,2021-08-28,0,0,7614893,185226,1245
Washington,2021-08-29,0,0,7614893,185226,1245
Washington,2021-08-30,8774,27,7614893,194000,1272
Washington,2021-08-31,3279,40,7614893,197279,1312
Washington,2021-09-01,4063,37,7614893,201342,1349
Washington,2021-09-02,4364,32,7614893,205706,1381
Washington,2021-09-03,4022,48,7614893,209728,1429
Washington,2021-09-04,0,0,7614893,209728,1429
West Virginia,2021-04-02,420,5,1792147,420,5
West Virginia,2021-04-03,453,5,1792147,873,10
West Virginia,2021-04-04,350,2,1792147,1223,12
West Virginia,2021-04-05,277,1,1792147,1500,13
West Virginia,2021-04-06,277,11,1792147,1777,24
West Virginia,2021-04-07,364,15,1792147,2141,39
West Virginia,2021-04-08,446,13,1792147,2587,52
West Virginia,2021-04-09,479,2,1792147,3066,54
West Virginia,2021-04-10,455,5,1792147,3521,59
West Virginia,2021-04-11,415,3,1792147,3936,62
West Virginia,2021-04-12,293,0,1792147,4229,62
West Virginia,2021-04-13,328,2,1792147,4557,64
West Virginia,2021-04-14,413,9,1792147,4970,73
West Virginia,2021-04-15,393,16,1792147,5363,89
West Virginia,2021-04-16,475,5,1792147,5838,94
West Virginia,2021-04-17,446,3,1792147,6284,97
West Virginia,2021-04-18,370,5,1792147,6654,102
West Virginia,2021-04-19,260,0,1792147,6914,102
West Virginia,2021-04-20,315,4,1792147,7229,106
West Virginia,2021-04-21,426,11,1792147,7655,117
West Virginia,2021-04-22,400,8,1792147,8055,125
West Virginia,2021-04-23,405,5,1792147,8460,130
West Virginia,2021-04-24,375,4,1792147,8835,134
West Virginia,2021-04-25,314,4,1792147,9149,138
West Virginia,2021-04-26,289,0,1792147,9438,138
West Virginia,2021-04-27,177,-159,1792147,9615,-21
West Virginia,2021-04-28,453,11,1792147,10068,-10
West Virginia,2021-04-29,432,1,1792147,10500,-9
West Virginia,2021-04-30,395,5,1792147,10895,-4
West Virginia,2021-05-01,370,0,1792147,11265,-4
West Virginia,2021-05-02,420,7,1792147,11685,3
West Virginia,2021-05-03,289,0,1792147,11974,3
West Virginia,2021-05-04,344,9,1792147,12318,12
West Virginia,2021-05-05,405,12,1792147,12723,24
West Virginia,2021-05-06,385,6,1792147,13108,30
West Virginia,2021-05-07,339,6,1792147,13447,36
West Virginia,2021-05-08,321,7,1792147,13768,43
West Virginia,2021-05-09,405,0,1792147,14173,43
West Virginia,2021-05-10,211,3,1792147,14384,46
West Virginia,2021-05-11,258,5,1792147,14642,51
West Virginia,2021-05-12,340,14,1792147,14982,65
West Virginia,2021-05-13,411,3,1792147,15393,68
West Virginia,2021-05-14,297,5,1792147,15690,73
West Virginia,2021-05-15,307,1,1792147,15997,74
West Virginia,2021-05-16,238,4,1792147,16235,78
West Virginia,2021-05-17,175,1,1792147,16410,79
West Virginia,2021-05-18,245,1,1792147,16655,80
West Virginia,2021-05-19,261,4,1792147,16916,84
West Virginia,2021-05-20,301,2,1792147,17217,86
West Virginia,2021-05-21,285,3,1792147,17502,89
West Virginia,2021-05-22,0,0,1792147,17502,89
West Virginia,2021-05-23,0,0,1792147,17502,89
West Virginia,2021-05-24,619,3,1792147,18121,92
West Virginia,2021-05-25,233,7,1792147,18354,99
West Virginia,2021-05-26,190,6,1792147,18544,105
West Virginia,2021-05-27,269,4,1792147,18813,109
West Virginia,2021-05-28,241,0,1792147,19054,109
West Virginia,2021-05-29,0,0,1792147,19054,109
West Virginia,2021-05-30,0,0,1792147,19054,109
West Virginia,2021-05-31,0,0,1792147,19054,109
West Virginia,2021-06-01,571,5,1792147,19625,114
West Virginia,2021-06-02,109,3,1792147,19734,117
West Virginia,2021-06-03,144,7,1792147,19878,124
West Virginia,2021-06-04,121,6,1792147,19999,130
West Virginia,2021-06-05,0,0,1792147,19999,130
West Virginia,2021-06-06,0,0,1792147,19999,130
West Virginia,2021-06-07,308,8,1792147,20307,138
West Virginia,2021-06-08,96,1,1792147,20403,139
West Virginia,2021-06-09,90,24,1792147,20493,163
West Virginia,2021-06-10,119,2,1792147,20612,165
West Virginia,2021-06-11,94,1,1792147,20706,166
West Virginia,2021-06-12,0,0,1792147,20706,166
West Virginia,2021-06-13,0,0,1792147,20706,166
West Virginia,2021-06-14,205,4,1792147,20911,170
West Virginia,2021-06-15,77,3,1792147,20988,173
West Virginia,2021-06-16,90,5,1792147,21078,178
West Virginia,2021-06-17,71,2,1792147,21149,180
West Virginia,2021-06-18,0,0,1792147,21149,180
West Virginia,2021-06-19,0,0,1792147,21149,180
West Virginia,2021-06-20,0,0,1792147,21149,180
West Virginia,2021-06-21,0,0,1792147,21149,180
West Virginia,2021-06-22,245,7,1792147,21394,187
West Virginia,2021-06-23,62,2,1792147,21456,189
West Virginia,2021-06-24,55,4,1792147,21511,193
West Virginia,2021-06-25,60,0,1792147,21571,193
West Virginia,2021-06-26,0,0,1792147,21571,193
West Virginia,2021-06-27,0,0,1792147,21571,193
West Virginia,2021-06-28,163,2,1792147,21734,195
West Virginia,2021-06-29,25,1,1792147,21759,196
West Virginia,2021-06-30,49,12,1792147,21808,208
West Virginia,2021-07-01,56,6,1792147,21864,214
West Virginia,2021-07-02,52,2,1792147,21916,216
West Virginia,2021-07-03,0,0,1792147,21916,216
West Virginia,2021-07-04,0,0,1792147,21916,216
West Virginia,2021-07-05,0,0,1792147,21916,216
West Virginia,2021-07-06,130,2,1792147,22046,218
West Virginia,2021-07-07,67,0,1792147,22113,218
West Virginia,2021-07-08,53,3,1792147,22166,221
West Virginia,2021-07-09,66,4,1792147,22232,225
West Virginia,2021-07-10,0,0,1792147,22232,225
West Virginia,2021-07-11,0,0,1792147,22232,225
West Virginia,2021-07-12,160,2,1792147,22392,227
West Virginia,2021-07-13,60,-1,1792147,22452,226
West Virginia,2021-07-14,78,7,1792147,22530,233
West Virginia,2021-07-15,80,1,1792147,22610,234
West Virginia,2021-07-16,90,2,1792147,22700,236
West Virginia,2021-07-17,0,0,1792147,22700,236
West Virginia,2021-07-18,0,0,1792147,22700,236
West Virginia,2021-07-19,244,0,1792147,22944,236
West Virginia,2021-07-20,82,0,1792147,23026,236
West Virginia,2021-07-21,139,1,1792147,23165,237
West Virginia,2021-07-22,126,14,1792147,23291,251
West Virginia,2021-07-23,178,2,1792147,23469,253
West Virginia,2021-07-24,0,0,1792147,23469,253
West Virginia,2021-07-25,0,0,1792147,23469,253
West Virginia,2021-07-26,406,0,1792147,23875,253
West Virginia,2021-07-27,189,0,1792147,24064,253
West Virginia,2021-07-28,196,3,1792147,24260,256
West Virginia,2021-07-29,255,5,1792147,24515,261
West Virginia,2021-07-30,268,2,1792147,24783,263
West Virginia,2021-07-31,0,0,1792147,24783,263
West Virginia,2021-08-01,0,0,1792147,24783,263
West Virginia,2021-08-02,665,3,1792147,25448,266
West Virginia,2021-08-03,267,5,1792147,25715,271
West Virginia,2021-08-04,382,2,1792147,26097,273
West Virginia,2021-08-05,403,5,1792147,26500,278
West Virginia,2021-08-06,429,4,1792147,26929,282
West Virginia,2021-08-07,0,0,1792147,26929,282
West Virginia,2021-08-08,0,0,1792147,26929,282
West Virginia,2021-08-09,1037,7,1792147,27966,289
West Virginia,2021-08-10,457,0,1792147,28423,289
West Virginia,2021-08-11,543,0,1792147,28966,289
West Virginia,2021-08-12,508,3,1792147,29474,292
West Virginia,2021-08-13,290,1,1792147,29764,293
West Virginia,2021-08-14,0,0,1792147,29764,293
West Virginia,2021-08-15,0,0,1792147,29764,293
West Virginia,2021-08-16,1482,2,1792147,31246,295
West Virginia,2021-08-17,1339,12,1792147,32585,307
West Virginia,2021-08-18,820,7,1792147,33405,314
West Virginia,2021-08-19,970,4,1792147,34375,318
West Virginia,2021-08-20,925,7,1792147,35300,325
West Virginia,2021-08-21,0,0,1792147,35300,325
West Virginia,2021-08-22,0,0,1792147,35300,325
West Virginia,2021-08-23,2486,8,1792147,37786,333
West Virginia,2021-08-24,785,1,1792147,38571,334
West Virginia,2021-08-25,1102,19,1792147,39673,353
West Virginia,2021-08-26,1448,13,1792147,41121,366
West Virginia,2021-08-27,1328,5,1792147,42449,371
West Virginia,2021-08-28,1611,10,1792147,44060,381
West Virginia,2021-08-29,1226,0,1792147,45286,381
West Virginia,2021-08-30,1141,10,1792147,46427,391
West Virginia,2021-08-31,1030,10,1792147,47457,401
West Virginia,2021-09-01,1466,22,1792147,48923,423
West Virginia,2021-09-02,1632,11,1792147,50555,434
West Virginia,2021-09-03,1717,0,1792147,52272,434
West Virginia,2021-09-04,1979,7,1792147,54251,441
Wisconsin,2021-04-02,893,10,5822434,893,10
Wisconsin,2021-04-03,789,5,5822434,1682,15
Wisconsin,2021-04-04,637,-1,5822434,2319,14
Wisconsin,2021-04-05,326,1,5822434,2645,15
Wisconsin,2021-04-06,1151,8,5822434,3796,23
Wisconsin,2021-04-07,938,7,5822434,4734,30
Wisconsin,2021-04-08,1115,14,5822434,5849,44
Wisconsin,2021-04-09,1194,5,5822434,7043,49
Wisconsin,2021-04-10,950,4,5822434,7993,53
Wisconsin,2021-04-11,613,1,5822434,8606,54
Wisconsin,2021-04-12,450,3,5822434,9056,57
Wisconsin,2021-04-13,1127,11,5822434,10183,68
Wisconsin,2021-04-14,1003,8,5822434,11186,76
Wisconsin,2021-04-15,1084,4,5822434,12270,80
Wisconsin,2021-04-16,903,6,5822434,13173,86
Wisconsin,2021-04-17,868,10,5822434,14041,96
Wisconsin,2021-04-18,596,-2,5822434,14637,94
Wisconsin,2021-04-19,403,1,5822434,15040,95
Wisconsin,2021-04-20,931,6,5822434,15971,101
Wisconsin,2021-04-21,791,3,5822434,16762,104
Wisconsin,2021-04-22,840,8,5822434,17602,112
Wisconsin,2021-04-23,900,14,5822434,18502,126
Wisconsin,2021-04-24,651,22,5822434,19153,148
Wisconsin,2021-04-25,465,-1,5822434,19618,147
Wisconsin,2021-04-26,406,0,5822434,20024,147
Wisconsin,2021-04-27,940,21,5822434,20964,168
Wisconsin,2021-04-28,824,40,5822434,21788,208
Wisconsin,2021-04-29,904,8,5822434,22692,216
Wisconsin,2021-04-30,850,8,5822434,23542,224
Wisconsin,2021-05-01,759,19,5822434,24301,243
Wisconsin,2021-05-02,476,-2,5822434,24777,241
Wisconsin,2021-05-03,384,0,5822434,25161,241
Wisconsin,2021-05-04,824,15,5822434,25985,256
Wisconsin,2021-05-05,775,14,5822434,26760,270
Wisconsin,2021-05-06,793,18,5822434,27553,288
Wisconsin,2021-05-07,749,11,5822434,28302,299
Wisconsin,2021-05-08,632,27,5822434,28934,326
Wisconsin,2021-05-09,338,0,5822434,29272,326
Wisconsin,2021-05-10,221,0,5822434,29493,326
Wisconsin,2021-05-11,573,14,5822434,30066,340
Wisconsin,2021-05-12,663,21,5822434,30729,361
Wisconsin,2021-05-13,571,19,5822434,31300,380
Wisconsin,2021-05-14,597,1,5822434,31897,381
Wisconsin,2021-05-15,622,5,5822434,32519,386
Wisconsin,2021-05-16,241,0,5822434,32760,386
Wisconsin,2021-05-17,136,0,5822434,32896,386
Wisconsin,2021-05-18,558,14,5822434,33454,400
Wisconsin,2021-05-19,514,6,5822434,33968,406
Wisconsin,2021-05-20,569,2,5822434,34537,408
Wisconsin,2021-05-21,464,11,5822434,35001,419
Wisconsin,2021-05-22,357,3,5822434,35358,422
Wisconsin,2021-05-23,156,0,5822434,35514,422
Wisconsin,2021-05-24,169,1,5822434,35683,423
Wisconsin,2021-05-25,432,11,5822434,36115,434
Wisconsin,2021-05-26,365,5,5822434,36480,439
Wisconsin,2021-05-27,350,49,5822434,36830,488
Wisconsin,2021-05-28,265,16,5822434,37095,504
Wisconsin,2021-05-29,0,0,5822434,37095,504
Wisconsin,2021-05-30,0,0,5822434,37095,504
Wisconsin,2021-05-31,417,26,5822434,37512,530
Wisconsin,2021-06-01,60,19,5822434,37572,549
Wisconsin,2021-06-02,259,19,5822434,37831,568
Wisconsin,2021-06-03,200,29,5822434,38031,597
Wisconsin,2021-06-04,211,31,5822434,38242,628
Wisconsin,2021-06-05,0,0,5822434,38242,628
Wisconsin,2021-06-06,0,0,5822434,38242,628
Wisconsin,2021-06-07,298,11,5822434,38540,639
Wisconsin,2021-06-08,202,16,5822434,38742,655
Wisconsin,2021-06-09,130,14,5822434,38872,669
Wisconsin,2021-06-10,191,12,5822434,39063,681
Wisconsin,2021-06-11,104,6,5822434,39167,687
Wisconsin,2021-06-12,0,0,5822434,39167,687
Wisconsin,2021-06-13,0,0,5822434,39167,687
Wisconsin,2021-06-14,201,2,5822434,39368,689
Wisconsin,2021-06-15,130,8,5822434,39498,697
Wisconsin,2021-06-16,36,18,5822434,39534,715
Wisconsin,2021-06-17,109,5,5822434,39643,720
Wisconsin,2021-06-18,122,1,5822434,39765,721
Wisconsin,2021-06-19,0,0,5822434,39765,721
Wisconsin,2021-06-20,0,0,5822434,39765,721
Wisconsin,2021-06-21,147,17,5822434,39912,738
Wisconsin,2021-06-22,111,3,5822434,40023,741
Wisconsin,2021-06-23,117,10,5822434,40140,751
Wisconsin,2021-06-24,138,15,5822434,40278,766
Wisconsin,2021-06-25,66,7,5822434,40344,773
Wisconsin,2021-06-26,0,0,5822434,40344,773
Wisconsin,2021-06-27,0,0,5822434,40344,773
Wisconsin,2021-06-28,144,10,5822434,40488,783
Wisconsin,2021-06-29,135,17,5822434,40623,800
Wisconsin,2021-06-30,91,2,5822434,40714,802
Wisconsin,2021-07-01,118,6,5822434,40832,808
Wisconsin,2021-07-02,119,1,5822434,40951,809
Wisconsin,2021-07-03,0,0,5822434,40951,809
Wisconsin,2021-07-04,0,0,5822434,40951,809
Wisconsin,2021-07-05,149,9,5822434,41100,818
Wisconsin,2021-07-06,40,0,5822434,41140,818
Wisconsin,2021-07-07,184,10,5822434,41324,828
Wisconsin,2021-07-08,227,4,5822434,41551,832
Wisconsin,2021-07-09,145,24,5822434,41696,856
Wisconsin,2021-07-10,0,0,5822434,41696,856
Wisconsin,2021-07-11,0,0,5822434,41696,856
Wisconsin,2021-07-12,340,3,5822434,42036,859
Wisconsin,2021-07-13,236,4,5822434,42272,863
Wisconsin,2021-07-14,209,7,5822434,42481,870
Wisconsin,2021-07-15,215,2,5822434,42696,872
Wisconsin,2021-07-16,222,11,5822434,42918,883
Wisconsin,2021-07-17,0,0,5822434,42918,883
Wisconsin,2021-07-18,0,0,5822434,42918,883
Wisconsin,2021-07-19,426,3,5822434,43344,886
Wisconsin,2021-07-20,491,11,5822434,43835,897
Wisconsin,2021-07-21,425,6,5822434,44260,903
Wisconsin,2021-07-22,394,5,5822434,44654,908
Wisconsin,2021-07-23,515,6,5822434,45169,914
Wisconsin,2021-07-24,0,0,5822434,45169,914
Wisconsin,2021-07-25,0,0,5822434,45169,914
Wisconsin,2021-07-26,964,13,5822434,46133,927
Wisconsin,2021-07-27,1078,-69,5822434,47211,858
Wisconsin,2021-07-28,899,98,5822434,48110,956
Wisconsin,2021-07-29,995,5,5822434,49105,961
Wisconsin,2021-07-30,1185,3,5822434,50290,964
Wisconsin,2021-07-31,0,0,5822434,50290,964
Wisconsin,2021-08-01,0,0,5822434,50290,964
Wisconsin,2021-08-02,2087,5,5822434,52377,969
Wisconsin,2021-08-03,1571,4,5822434,53948,973
Wisconsin,2021-08-04,1333,3,5822434,55281,976
Wisconsin,2021-08-05,1744,3,5822434,57025,979
Wisconsin,2021-08-06,1312,-5,5822434,58337,974
Wisconsin,2021-08-07,0,0,5822434,58337,974
Wisconsin,2021-08-08,0,0,5822434,58337,974
Wisconsin,2021-08-09,2536,6,5822434,60873,980
Wisconsin,2021-08-10,1770,5,5822434,62643,985
Wisconsin,2021-08-11,1559,3,5822434,64202,988
Wisconsin,2021-08-12,1626,3,5822434,65828,991
Wisconsin,2021-08-13,2121,5,5822434,67949,996
Wisconsin,2021-08-14,0,0,5822434,67949,996
Wisconsin,2021-08-15,0,0,5822434,67949,996
Wisconsin,2021-08-16,2470,2,5822434,70419,998
Wisconsin,2021-08-17,1963,12,5822434,72382,1010
Wisconsin,2021-08-18,1685,17,5822434,74067,1027
Wisconsin,2021-08-19,1776,3,5822434,75843,1030
Wisconsin,2021-08-20,1849,12,5822434,77692,1042
Wisconsin,2021-08-21,0,0,5822434,77692,1042
Wisconsin,2021-08-22,0,0,5822434,77692,1042
Wisconsin,2021-08-23,3311,5,5822434,81003,1047
Wisconsin,2021-08-24,2549,33,5822434,83552,1080
Wisconsin,2021-08-25,1993,10,5822434,85545,1090
Wisconsin,2021-08-26,2264,13,5822434,87809,1103
Wisconsin,2021-08-27,2636,9,5822434,90445,1112
Wisconsin,2021-08-28,0,0,5822434,90445,1112
Wisconsin,2021-08-29,0,0,5822434,90445,1112
Wisconsin,2021-08-30,4056,7,5822434,94501,1119
Wisconsin,2021-08-31,2531,17,5822434,97032,1136
Wisconsin,2021-09-01,2323,34,5822434,99355,1170
Wisconsin,2021-09-02,2672,13,5822434,102027,1183
Wisconsin,2021-09-03,2300,12,5822434,104327,1195
Wisconsin,2021-09-04,0,0,5822434,104327,1195
Wyoming,2021-04-02,58,0,578759,58,0
Wyoming,2021-04-03,0,0,578759,58,0
Wyoming,2021-04-04,0,0,578759,58,0
Wyoming,2021-04-05,82,0,578759,140,0
Wyoming,2021-04-06,90,1,578759,230,1
Wyoming,2021-04-07,81,0,578759,311,1
Wyoming,2021-04-08,102,0,578759,413,1
Wyoming,2021-04-09,71,0,578759,484,1
Wyoming,2021-04-10,0,0,578759,484,1
Wyoming,2021-04-11,0,0,578759,484,1
Wyoming,2021-04-12,115,0,578759,599,1
Wyoming,2021-04-13,82,2,578759,681,3
Wyoming,2021-04-14,57,0,578759,738,3
Wyoming,2021-04-15,76,0,578759,814,3
Wyoming,2021-04-16,64,0,578759,878,3
Wyoming,2021-04-17,0,0,578759,878,3
Wyoming,2021-04-18,0,0,578759,878,3
Wyoming,2021-04-19,111,0,578759,989,3
Wyoming,2021-04-20,78,2,578759,1067,5
Wyoming,2021-04-21,62,0,578759,1129,5
Wyoming,2021-04-22,95,0,578759,1224,5
Wyoming,2021-04-23,83,0,578759,1307,5
Wyoming,2021-04-24,0,0,578759,1307,5
Wyoming,2021-04-25,0,0,578759,1307,5
Wyoming,2021-04-26,122,0,578759,1429,5
Wyoming,2021-04-27,65,2,578759,1494,7
Wyoming,2021-04-28,116,0,578759,1610,7
Wyoming,2021-04-29,70,0,578759,1680,7
Wyoming,2021-04-30,73,0,578759,1753,7
Wyoming,2021-05-01,0,0,578759,1753,7
Wyoming,2021-05-02,0,0,578759,1753,7
Wyoming,2021-05-03,148,0,578759,1901,7
Wyoming,2021-05-04,77,3,578759,1978,10
Wyoming,2021-05-05,71,0,578759,2049,10
Wyoming,2021-05-06,89,0,578759,2138,10
Wyoming,2021-05-07,96,0,578759,2234,10
Wyoming,2021-05-08,0,0,578759,2234,10
Wyoming,2021-05-09,0,0,578759,2234,10
Wyoming,2021-05-10,141,0,578759,2375,10
Wyoming,2021-05-11,71,2,578759,2446,12
Wyoming,2021-05-12,58,0,578759,2504,12
Wyoming,2021-05-13,103,0,578759,2607,12
Wyoming,2021-05-14,83,0,578759,2690,12
Wyoming,2021-05-15,0,0,578759,2690,12
Wyoming,2021-05-16,0,0,578759,2690,12
Wyoming,2021-05-17,143,0,578759,2833,12
Wyoming,2021-05-18,99,1,578759,2932,13
Wyoming,2021-05-19,55,0,578759,2987,13
Wyoming,2021-05-20,214,0,578759,3201,13
Wyoming,2021-05-21,71,0,578759,3272,13
Wyoming,2021-05-22,0,0,578759,3272,13
Wyoming,2021-05-23,0,0,578759,3272,13
Wyoming,2021-05-24,136,0,578759,3408,13
Wyoming,2021-05-25,73,6,578759,3481,19
Wyoming,2021-05-26,91,0,578759,3572,19
Wyoming,2021-05-27,87,0,578759,3659,19
Wyoming,2021-05-28,96,0,578759,3755,19
Wyoming,2021-05-29,0,0,578759,3755,19
Wyoming,2021-05-30,0,0,578759,3755,19
Wyoming,2021-05-31,0,0,578759,3755,19
Wyoming,2021-06-01,230,1,578759,3985,20
Wyoming,2021-06-02,73,0,578759,4058,20
Wyoming,2021-06-03,102,0,578759,4160,20
Wyoming,2021-06-04,79,0,578759,4239,20
Wyoming,2021-06-05,0,0,578759,4239,20
Wyoming,2021-06-06,0,0,578759,4239,20
Wyoming,2021-06-07,151,0,578759,4390,20
Wyoming,2021-06-08,70,5,578759,4460,25
Wyoming,2021-06-09,92,0,578759,4552,25
Wyoming,2021-06-10,71,0,578759,4623,25
Wyoming,2021-06-11,102,0,578759,4725,25
Wyoming,2021-06-12,0,0,578759,4725,25
Wyoming,2021-06-13,0,0,578759,4725,25
Wyoming,2021-06-14,120,0,578759,4845,25
Wyoming,2021-06-15,69,9,578759,4914,34
Wyoming,2021-06-16,56,0,578759,4970,34
Wyoming,2021-06-17,66,0,578759,5036,34
Wyoming,2021-06-18,65,0,578759,5101,34
Wyoming,2021-06-19,0,0,578759,5101,34
Wyoming,2021-06-20,0,0,578759,5101,34
Wyoming,2021-06-21,140,0,578759,5241,34
Wyoming,2021-06-22,74,0,578759,5315,34
Wyoming,2021-06-23,72,6,578759,5387,40
Wyoming,2021-06-24,71,0,578759,5458,40
Wyoming,2021-06-25,104,0,578759,5562,40
Wyoming,2021-06-26,0,0,578759,5562,40
Wyoming,2021-06-27,0,0,578759,5562,40
Wyoming,2021-06-28,148,0,578759,5710,40
Wyoming,2021-06-29,96,7,578759,5806,47
Wyoming,2021-06-30,95,0,578759,5901,47
Wyoming,2021-07-01,63,0,578759,5964,47
Wyoming,2021-07-02,92,0,578759,6056,47
Wyoming,2021-07-03,0,0,578759,6056,47
Wyoming,2021-07-04,0,0,578759,6056,47
Wyoming,2021-07-05,0,0,578759,6056,47
Wyoming,2021-07-06,197,4,578759,6253,51
Wyoming,2021-07-07,95,0,578759,6348,51
Wyoming,2021-07-08,128,0,578759,6476,51
Wyoming,2021-07-09,101,0,578759,6577,51
Wyoming,2021-07-10,0,0,578759,6577,51
Wyoming,2021-07-11,0,0,578759,6577,51
Wyoming,2021-07-12,172,0,578759,6749,51
Wyoming,2021-07-13,97,9,578759,6846,60
Wyoming,2021-07-14,96,0,578759,6942,60
Wyoming,2021-07-15,124,0,578759,7066,60
Wyoming,2021-07-16,68,0,578759,7134,60
Wyoming,2021-07-17,0,0,578759,7134,60
Wyoming,2021-07-18,0,0,578759,7134,60
Wyoming,2021-07-19,186,0,578759,7320,60
Wyoming,2021-07-20,131,6,578759,7451,66
Wyoming,2021-07-21,148,0,578759,7599,66
Wyoming,2021-07-22,153,0,578759,7752,66
Wyoming,2021-07-23,110,0,578759,7862,66
Wyoming,2021-07-24,0,0,578759,7862,66
Wyoming,2021-07-25,0,0,578759,7862,66
Wyoming,2021-07-26,200,0,578759,8062,66
Wyoming,2021-07-27,172,10,578759,8234,76
Wyoming,2021-07-28,0,0,578759,8234,76
Wyoming,2021-07-29,332,0,578759,8566,76
Wyoming,2021-07-30,172,0,578759,8738,76
Wyoming,2021-07-31,0,0,578759,8738,76
Wyoming,2021-08-01,0,0,578759,8738,76
Wyoming,2021-08-02,340,0,578759,9078,76
Wyoming,2021-08-03,237,10,578759,9315,86
Wyoming,2021-08-04,249,0,578759,9564,86
Wyoming,2021-08-05,247,0,578759,9811,86
Wyoming,2021-08-06,253,0,578759,10064,86
Wyoming,2021-08-07,0,0,578759,10064,86
Wyoming,2021-08-08,0,0,578759,10064,86
Wyoming,2021-08-09,573,0,578759,10637,86
Wyoming,2021-08-10,300,7,578759,10937,93
Wyoming,2021-08-11,256,0,578759,11193,93
Wyoming,2021-08-12,375,0,578759,11568,93
Wyoming,2021-08-13,315,0,578759,11883,93
Wyoming,2021-08-14,0,0,578759,11883,93
Wyoming,2021-08-15,0,0,578759,11883,93
Wyoming,2021-08-16,672,0,578759,12555,93
Wyoming,2021-08-17,412,16,578759,12967,109
Wyoming,2021-08-18,488,0,578759,13455,109
Wyoming,2021-08-19,306,0,578759,13761,109
Wyoming,2021-08-20,521,0,578759,14282,109
Wyoming,2021-08-21,0,0,578759,14282,109
Wyoming,2021-08-22,0,0,578759,14282,109
Wyoming,2021-08-23,891,0,578759,15173,109
Wyoming,2021-08-24,507,26,578759,15680,135
Wyoming,2021-08-25,459,0,578759,16139,135
Wyoming,2021-08-26,467,0,578759,16606,135
Wyoming,2021-08-27,472,0,578759,17078,135
Wyoming,2021-08-28,0,0,578759,17078,135
Wyoming,2021-08-29,0,0,578759,17078,135
Wyoming,2021-08-30,1289,0,578759,18367,135
Wyoming,2021-08-31,380,23,578759,18747,158
Wyoming,2021-09-01,871,0,578759,19618,158
Wyoming,2021-09-02,595,0,578759,20213,158
Wyoming,2021-09-03,604,0,578759,20817,158
Wyoming,2021-09-04,0,0,578759,20817,158
